0.1	240.358	480.716	721.074	961.432	1201.79	1442.15	1682.51	1922.86	2163.22	2403.58	2643.94	2884.3	3124.65	3365.01	3605.37	3845.73	4086.09	4326.44	4566.8	4807.16	
1.1	238.632	477.263	715.895	954.527	1193.16	1431.79	1670.42	1909.05	2147.69	2386.32	2624.95	2863.58	3102.21	3340.84	3579.48	3818.11	4056.74	4295.37	4534	4772.63	
2.1	236.885	473.77	710.655	947.54	1184.43	1421.31	1658.2	1895.08	2131.97	2368.85	2605.74	2842.62	3079.51	3316.39	3553.28	3790.16	4027.05	4263.93	4500.82	4737.7	
3.1	235.118	470.235	705.353	940.471	1175.59	1410.71	1645.82	1880.94	2116.06	2351.18	2586.29	2821.41	3056.53	3291.65	3526.76	3761.88	3997	4232.12	4467.24	4702.35	
4.1	233.329	466.658	699.987	933.316	1166.64	1399.97	1633.3	1866.63	2099.96	2333.29	2566.62	2799.95	3033.28	3266.6	3499.93	3733.26	3966.59	4199.92	4433.25	4666.58	
5.1	231.518	463.037	694.555	926.073	1157.59	1389.11	1620.63	1852.15	2083.66	2315.18	2546.7	2778.22	3009.74	3241.26	3472.77	3704.29	3935.81	4167.33	4398.85	4630.37	
6.1	229.685	459.371	689.056	918.742	1148.43	1378.11	1607.8	1837.48	2067.17	2296.85	2526.54	2756.23	2985.91	3215.6	3445.28	3674.97	3904.65	4134.34	4364.02	4593.71	
7.1	227.83	455.659	683.489	911.319	1139.15	1366.98	1594.81	1822.64	2050.47	2278.3	2506.13	2733.96	2961.79	3189.62	3417.45	3645.28	3873.11	4100.93	4328.76	4556.59	
8.1	226.689	453.378	680.067	906.756	1133.45	1360.13	1586.82	1813.51	2040.2	2266.89	2493.58	2720.27	2946.96	3173.65	3400.34	3627.03	3853.71	4080.4	4307.09	4533.78	
9.1	225.79	451.581	677.371	903.162	1128.95	1354.74	1580.53	1806.32	2032.11	2257.9	2483.7	2709.49	2935.28	3161.07	3386.86	3612.65	3838.44	4064.23	4290.02	4515.81	
10.1	224.886	449.772	674.658	899.544	1124.43	1349.32	1574.2	1799.09	2023.97	2248.86	2473.75	2698.63	2923.52	3148.41	3373.29	3598.18	3823.06	4047.95	4272.84	4497.72	
11.1	223.976	447.952	671.928	895.904	1119.88	1343.86	1567.83	1791.81	2015.78	2239.76	2463.73	2687.71	2911.69	3135.66	3359.64	3583.61	3807.59	4031.57	4255.54	4479.52	
12.1	223.06	446.12	669.179	892.239	1115.3	1338.36	1561.42	1784.48	2007.54	2230.6	2453.66	2676.72	2899.78	3122.84	3345.9	3568.96	3792.02	4015.08	4238.14	4461.2	
13.1	222.138	444.275	666.413	888.551	1110.69	1332.83	1554.96	1777.1	1999.24	2221.38	2443.51	2665.65	2887.79	3109.93	3332.06	3554.2	3776.34	3998.48	4220.62	4442.75	
14.1	221.209	442.419	663.628	884.838	1106.05	1327.26	1548.47	1769.68	1990.89	2212.09	2433.3	2654.51	2875.72	3096.93	3318.14	3539.35	3760.56	3981.77	4202.98	4424.19	
15.1	220.288	440.576	660.864	881.152	1101.44	1321.73	1542.02	1762.3	1982.59	2202.88	2423.17	2643.46	2863.74	3084.03	3304.32	3524.61	3744.89	3965.18	4185.47	4405.76	
16.1	219.38	438.76	658.14	877.519	1096.9	1316.28	1535.66	1755.04	1974.42	2193.8	2413.18	2632.56	2851.94	3071.32	3290.7	3510.08	3729.46	3948.84	4168.22	4387.6	
17.1	218.466	436.931	655.397	873.863	1092.33	1310.79	1529.26	1747.73	1966.19	2184.66	2403.12	2621.59	2840.05	3058.52	3276.98	3495.45	3713.92	3932.38	4150.85	4369.31	
18.1	217.545	435.09	652.636	870.181	1087.73	1305.27	1522.82	1740.36	1957.91	2175.45	2393	2610.54	2828.09	3045.63	3263.18	3480.72	3698.27	3915.81	4133.36	4350.9	
19.1	216.618	433.237	649.855	866.474	1083.09	1299.71	1516.33	1732.95	1949.57	2166.18	2382.8	2599.42	2816.04	3032.66	3249.28	3465.9	3682.51	3899.13	4115.75	4332.37	
20.1	215.685	431.371	647.056	862.742	1078.43	1294.11	1509.8	1725.48	1941.17	2156.85	2372.54	2588.22	2803.91	3019.6	3235.28	3450.97	3666.65	3882.34	4098.02	4313.71	
21.1	214.746	429.492	644.237	858.983	1073.73	1288.47	1503.22	1717.97	1932.71	2147.46	2362.2	2576.95	2791.7	3006.44	3221.19	3435.93	3650.68	3865.42	4080.17	4294.92	
22.1	213.797	427.593	641.39	855.186	1068.98	1282.78	1496.58	1710.37	1924.17	2137.97	2351.76	2565.56	2779.35	2993.15	3206.95	3420.74	3634.54	3848.34	4062.13	4275.93	
23.1	212.766	425.532	638.297	851.063	1063.83	1276.59	1489.36	1702.13	1914.89	2127.66	2340.42	2553.19	2765.96	2978.72	3191.49	3404.25	3617.02	3829.78	4042.55	4255.32	
24.1	211.727	423.453	635.18	846.906	1058.63	1270.36	1482.09	1693.81	1905.54	2117.27	2328.99	2540.72	2752.45	2964.17	3175.9	3387.63	3599.35	3811.08	4022.81	4234.53	
25.1	210.679	421.358	632.036	842.715	1053.39	1264.07	1474.75	1685.43	1896.11	2106.79	2317.47	2528.15	2738.82	2949.5	3160.18	3370.86	3581.54	3792.22	4002.9	4213.58	
26.1	209.622	419.245	628.867	838.489	1048.11	1257.73	1467.36	1676.98	1886.6	2096.22	2305.84	2515.47	2725.09	2934.71	3144.33	3353.96	3563.58	3773.2	3982.82	4192.45	
27.1	208.557	417.114	625.671	834.227	1042.78	1251.34	1459.9	1668.45	1877.01	2085.57	2294.13	2502.68	2711.24	2919.8	3128.35	3336.91	3545.47	3754.02	3962.58	4171.14	
28.1	207.482	414.965	622.447	829.93	1037.41	1244.89	1452.38	1659.86	1867.34	2074.82	2282.31	2489.79	2697.27	2904.75	3112.24	3319.72	3527.2	3734.68	3942.17	4149.65	
29.1	206.399	412.798	619.197	825.596	1031.99	1238.39	1444.79	1651.19	1857.59	2063.99	2270.39	2476.79	2683.19	2889.58	3095.98	3302.38	3508.78	3715.18	3921.58	4127.98	
30.1	205.354	410.708	616.061	821.415	1026.77	1232.12	1437.48	1642.83	1848.18	2053.54	2258.89	2464.25	2669.6	2874.95	3080.31	3285.66	3491.01	3696.37	3901.72	4107.08	
31.1	204.321	408.643	612.964	817.285	1021.61	1225.93	1430.25	1634.57	1838.89	2043.21	2247.53	2451.86	2656.18	2860.5	3064.82	3269.14	3473.46	3677.78	3882.11	4086.43	
32.1	203.28	406.559	609.839	813.119	1016.4	1219.68	1422.96	1626.24	1829.52	2032.8	2236.08	2439.36	2642.64	2845.92	3049.2	3252.48	3455.76	3659.04	3862.31	4065.59	
33.1	202.229	404.458	606.687	808.916	1011.14	1213.37	1415.6	1617.83	1820.06	2022.29	2224.52	2426.75	2628.98	2831.2	3033.43	3235.66	3437.89	3640.12	3842.35	4044.58	
34.1	201.169	402.337	603.506	804.675	1005.84	1207.01	1408.18	1609.35	1810.52	2011.69	2212.86	2414.02	2615.19	2816.36	3017.53	3218.7	3419.87	3621.04	3822.2	4023.37	
35.1	200.099	400.198	600.297	800.396	1000.49	1200.59	1400.69	1600.79	1800.89	2000.99	2201.09	2401.19	2601.29	2801.38	3001.48	3201.58	3401.68	3601.78	3801.88	4001.98	
36.1	199.019	398.039	597.058	796.078	995.097	1194.12	1393.14	1592.16	1791.17	1990.19	2189.21	2388.23	2587.25	2786.27	2985.29	3184.31	3383.33	3582.35	3781.37	3980.39	
37.1	198.176	396.352	594.529	792.705	990.881	1189.06	1387.23	1585.41	1783.59	1981.76	2179.94	2378.11	2576.29	2774.47	2972.64	3170.82	3368.99	3567.17	3765.35	3963.52	
38.1	197.817	395.633	593.45	791.267	989.084	1186.9	1384.72	1582.53	1780.35	1978.17	2175.98	2373.8	2571.62	2769.43	2967.25	3165.07	3362.88	3560.7	3758.52	3956.33	
39.1	197.456	394.912	592.368	789.824	987.28	1184.74	1382.19	1579.65	1777.1	1974.56	2172.02	2369.47	2566.93	2764.39	2961.84	3159.3	3356.75	3554.21	3751.67	3949.12	
40.1	197.094	394.189	591.283	788.377	985.472	1182.57	1379.66	1576.75	1773.85	1970.94	2168.04	2365.13	2562.23	2759.32	2956.42	3153.51	3350.6	3547.7	3744.79	3941.89	
41.1	196.731	393.463	590.194	786.926	983.657	1180.39	1377.12	1573.85	1770.58	1967.31	2164.05	2360.78	2557.51	2754.24	2950.97	3147.7	3344.43	3541.17	3737.9	3934.63	
42.1	196.367	392.735	589.102	785.469	981.837	1178.2	1374.57	1570.94	1767.31	1963.67	2160.04	2356.41	2552.78	2749.14	2945.51	3141.88	3338.24	3534.61	3730.98	3927.35	
43.1	196.002	392.004	588.006	784.008	980.01	1176.01	1372.01	1568.02	1764.02	1960.02	2156.02	2352.02	2548.03	2744.03	2940.03	3136.03	3332.03	3528.04	3724.04	3920.04	
44.1	195.636	391.271	586.907	782.542	978.178	1173.81	1369.45	1565.08	1760.72	1956.36	2151.99	2347.63	2543.26	2738.9	2934.53	3130.17	3325.81	3521.44	3717.08	3912.71	
45.1	195.721	391.443	587.164	782.885	978.606	1174.33	1370.05	1565.77	1761.49	1957.21	2152.93	2348.66	2544.38	2740.1	2935.82	3131.54	3327.26	3522.98	3718.7	3914.43	
46.1	195.815	391.63	587.445	783.26	979.075	1174.89	1370.7	1566.52	1762.33	1958.15	2153.96	2349.78	2545.59	2741.41	2937.22	3133.04	3328.85	3524.67	3720.48	3916.3	
47.1	195.909	391.817	587.726	783.634	979.543	1175.45	1371.36	1567.27	1763.18	1959.09	2154.99	2350.9	2546.81	2742.72	2938.63	3134.54	3330.45	3526.35	3722.26	3918.17	
48.1	196.002	392.004	588.006	784.008	980.01	1176.01	1372.01	1568.02	1764.02	1960.02	2156.02	2352.03	2548.03	2744.03	2940.03	3136.03	3332.04	3528.04	3724.04	3920.04	
49.1	196.096	392.191	588.287	784.382	980.478	1176.57	1372.67	1568.76	1764.86	1960.96	2157.05	2353.15	2549.24	2745.34	2941.43	3137.53	3333.62	3529.72	3725.82	3921.91	
50.1	196.189	392.378	588.567	784.756	980.945	1177.13	1373.32	1569.51	1765.7	1961.89	2158.08	2354.27	2550.46	2746.65	2942.83	3139.02	3335.21	3531.4	3727.59	3923.78	
51.1	196.282	392.564	588.847	785.129	981.411	1177.69	1373.98	1570.26	1766.54	1962.82	2159.1	2355.39	2551.67	2747.95	2944.23	3140.52	3336.8	3533.08	3729.36	3925.64	
52.1	196.788	393.576	590.364	787.151	983.939	1180.73	1377.52	1574.3	1771.09	1967.88	2164.67	2361.45	2558.24	2755.03	2951.82	3148.61	3345.39	3542.18	3738.97	3935.76	
53.1	197.533	395.065	592.598	790.13	987.663	1185.2	1382.73	1580.26	1777.79	1975.33	2172.86	2370.39	2567.92	2765.46	2962.99	3160.52	3358.05	3555.59	3753.12	3950.65	
54.1	198.273	396.545	594.818	793.09	991.363	1189.64	1387.91	1586.18	1784.45	1982.73	2181	2379.27	2577.54	2775.82	2974.09	3172.36	3370.63	3568.91	3767.18	3965.45	
55.1	199.008	398.016	597.024	796.032	995.04	1194.05	1393.06	1592.06	1791.07	1990.08	2189.09	2388.1	2587.1	2786.11	2985.12	3184.13	3383.14	3582.14	3781.15	3980.16	
56.1	199.739	399.478	599.217	798.956	998.695	1198.43	1398.17	1597.91	1797.65	1997.39	2197.13	2396.87	2596.61	2796.35	2996.09	3195.82	3395.56	3595.3	3795.04	3994.78	
57.1	200.466	400.931	601.397	801.862	1002.33	1202.79	1403.26	1603.72	1804.19	2004.66	2205.12	2405.59	2606.05	2806.52	3006.98	3207.45	3407.92	3608.38	3808.85	4009.31	
58.1	201.188	402.376	603.563	804.751	1005.94	1207.13	1408.31	1609.5	1810.69	2011.88	2213.07	2414.25	2615.44	2816.63	3017.82	3219	3420.19	3621.38	3822.57	4023.76	
59.1	201.711	403.422	605.134	806.845	1008.56	1210.27	1411.98	1613.69	1815.4	2017.11	2218.82	2420.53	2622.25	2823.96	3025.67	3227.38	3429.09	3630.8	3832.51	4034.22	
60.1	201.724	403.449	605.173	806.898	1008.62	1210.35	1412.07	1613.8	1815.52	2017.24	2218.97	2420.69	2622.42	2824.14	3025.87	3227.59	3429.32	3631.04	3832.77	4034.49	
61.1	201.738	403.476	605.213	806.951	1008.69	1210.43	1412.16	1613.9	1815.64	2017.38	2219.12	2420.85	2622.59	2824.33	3026.07	3227.8	3429.54	3631.28	3833.02	4034.76	
62.1	201.751	403.502	605.253	807.004	1008.76	1210.51	1412.26	1614.01	1815.76	2017.51	2219.26	2421.01	2622.76	2824.51	3026.27	3228.02	3429.77	3631.52	3833.27	4035.02	
63.1	201.764	403.529	605.293	807.057	1008.82	1210.59	1412.35	1614.11	1815.88	2017.64	2219.41	2421.17	2622.94	2824.7	3026.47	3228.23	3429.99	3631.76	3833.52	4035.29	
64.1	201.778	403.555	605.333	807.111	1008.89	1210.67	1412.44	1614.22	1816	2017.78	2219.55	2421.33	2623.11	2824.89	3026.66	3228.44	3430.22	3632	3833.78	4035.55	
65.1	201.791	403.582	605.373	807.164	1008.95	1210.75	1412.54	1614.33	1816.12	2017.91	2219.7	2421.49	2623.28	2825.07	3026.86	3228.65	3430.45	3632.24	3834.03	4035.82	
66.1	201.804	403.608	605.413	807.217	1009.02	1210.83	1412.63	1614.43	1816.24	2018.04	2219.85	2421.65	2623.45	2825.26	3027.06	3228.87	3430.67	3632.48	3834.28	4036.08	
67.1	201.441	402.881	604.322	805.763	1007.2	1208.64	1410.08	1611.53	1812.97	2014.41	2215.85	2417.29	2618.73	2820.17	3021.61	3223.05	3424.49	3625.93	3827.37	4028.81	
68.1	201.044	402.089	603.133	804.177	1005.22	1206.27	1407.31	1608.35	1809.4	2010.44	2211.49	2412.53	2613.58	2814.62	3015.67	3216.71	3417.75	3618.8	3819.84	4020.89	
69.1	200.647	401.293	601.94	802.586	1003.23	1203.88	1404.53	1605.17	1805.82	2006.47	2207.11	2407.76	2608.41	2809.05	3009.7	3210.34	3410.99	3611.64	3812.28	4012.93	
70.1	200.247	400.494	600.742	800.989	1001.24	1201.48	1401.73	1601.98	1802.22	2002.47	2202.72	2402.97	2603.21	2803.46	3003.71	3203.96	3404.2	3604.45	3804.7	4004.94	
71.1	199.846	399.693	599.539	799.385	999.231	1199.08	1398.92	1598.77	1798.62	1998.46	2198.31	2398.16	2598	2797.85	2997.69	3197.54	3397.39	3597.23	3797.08	3996.93	
72.1	199.444	398.888	598.331	797.775	997.219	1196.66	1396.11	1595.55	1794.99	1994.44	2193.88	2393.33	2592.77	2792.21	2991.66	3191.1	3390.54	3589.99	3789.43	3988.88	
73.1	199.04	398.079	597.119	796.159	995.199	1194.24	1393.28	1592.32	1791.36	1990.4	2189.44	2388.48	2587.52	2786.56	2985.6	3184.64	3383.68	3582.72	3781.76	3980.79	
74.1	198.476	396.953	595.429	793.905	992.382	1190.86	1389.33	1587.81	1786.29	1984.76	2183.24	2381.72	2580.19	2778.67	2977.15	3175.62	3374.1	3572.57	3771.05	3969.53	
75.1	197.79	395.58	593.37	791.16	988.95	1186.74	1384.53	1582.32	1780.11	1977.9	2175.69	2373.48	2571.27	2769.06	2966.85	3164.64	3362.43	3560.22	3758.01	3955.8	
76.1	197.098	394.197	591.295	788.394	985.492	1182.59	1379.69	1576.79	1773.89	1970.98	2168.08	2365.18	2562.28	2759.38	2956.48	3153.57	3350.67	3547.77	3744.87	3941.97	
77.1	196.402	392.803	589.205	785.607	982.009	1178.41	1374.81	1571.21	1767.62	1964.02	2160.42	2356.82	2553.22	2749.62	2946.03	3142.43	3338.83	3535.23	3731.63	3928.03	
78.1	195.7	391.4	587.1	782.8	978.499	1174.2	1369.9	1565.6	1761.3	1957	2152.7	2348.4	2544.1	2739.8	2935.5	3131.2	3326.9	3522.6	3718.3	3914	
79.1	194.993	389.986	584.978	779.971	974.964	1169.96	1364.95	1559.94	1754.93	1949.93	2144.92	2339.91	2534.91	2729.9	2924.89	3119.88	3314.88	3509.87	3704.86	3899.86	
80.1	194.28	388.561	582.841	777.121	971.402	1165.68	1359.96	1554.24	1748.52	1942.8	2137.08	2331.36	2525.64	2719.92	2914.21	3108.49	3302.77	3497.05	3691.33	3885.61	
81.1	193.598	387.197	580.795	774.394	967.992	1161.59	1355.19	1548.79	1742.39	1935.98	2129.58	2323.18	2516.78	2710.38	2903.98	3097.57	3291.17	3484.77	3678.37	3871.97	
82.1	193.041	386.081	579.122	772.162	965.203	1158.24	1351.28	1544.32	1737.36	1930.41	2123.45	2316.49	2509.53	2702.57	2895.61	3088.65	3281.69	3474.73	3667.77	3860.81	
83.1	192.478	384.955	577.433	769.911	962.389	1154.87	1347.34	1539.82	1732.3	1924.78	2117.25	2309.73	2502.21	2694.69	2887.17	3079.64	3272.12	3464.6	3657.08	3849.55	
84.1	191.91	383.82	575.73	767.64	959.55	1151.46	1343.37	1535.28	1727.19	1919.1	2111.01	2302.92	2494.83	2686.74	2878.65	3070.56	3262.47	3454.38	3646.29	3838.2	
85.1	191.337	382.674	574.012	765.349	956.686	1148.02	1339.36	1530.7	1722.04	1913.37	2104.71	2296.05	2487.38	2678.72	2870.06	3061.4	3252.73	3444.07	3635.41	3826.74	
86.1	190.759	381.519	572.278	763.038	953.797	1144.56	1335.32	1526.08	1716.83	1907.59	2098.35	2289.11	2479.87	2670.63	2861.39	3052.15	3242.91	3433.67	3624.43	3815.19	
87.1	190.177	380.353	570.53	760.706	950.883	1141.06	1331.24	1521.41	1711.59	1901.77	2091.94	2282.12	2472.3	2662.47	2852.65	3042.82	3233	3423.18	3613.35	3803.53	
88.1	189.588	379.177	568.765	758.354	947.942	1137.53	1327.12	1516.71	1706.3	1895.88	2085.47	2275.06	2464.65	2654.24	2843.83	3033.42	3223	3412.59	3602.18	3791.77	
89.1	189.75	379.5	569.251	759.001	948.751	1138.5	1328.25	1518	1707.75	1897.5	2087.25	2277	2466.75	2656.5	2846.25	3036	3225.75	3415.5	3605.25	3795	
90.1	190.03	380.059	570.089	760.119	950.148	1140.18	1330.21	1520.24	1710.27	1900.3	2090.33	2280.36	2470.39	2660.41	2850.44	3040.47	3230.5	3420.53	3610.56	3800.59	
91.1	190.309	380.618	570.927	761.236	951.545	1141.85	1332.16	1522.47	1712.78	1903.09	2093.4	2283.71	2474.02	2664.33	2854.64	3044.95	3235.25	3425.56	3615.87	3806.18	
92.1	190.589	381.177	571.766	762.354	952.943	1143.53	1334.12	1524.71	1715.3	1905.89	2096.47	2287.06	2477.65	2668.24	2858.83	3049.42	3240.01	3430.59	3621.18	3811.77	
93.1	190.868	381.736	572.604	763.472	954.34	1145.21	1336.08	1526.94	1717.81	1908.68	2099.55	2290.42	2481.28	2672.15	2863.02	3053.89	3244.76	3435.62	3626.49	3817.36	
94.1	191.147	382.295	573.442	764.59	955.737	1146.88	1338.03	1529.18	1720.33	1911.47	2102.62	2293.77	2484.92	2676.06	2867.21	3058.36	3249.51	3440.65	3631.8	3822.95	
95.1	191.427	382.854	574.281	765.708	957.135	1148.56	1339.99	1531.42	1722.84	1914.27	2105.7	2297.12	2488.55	2679.98	2871.4	3062.83	3254.26	3445.68	3637.11	3828.54	
96.1	191.404	382.807	574.211	765.615	957.019	1148.42	1339.83	1531.23	1722.63	1914.04	2105.44	2296.84	2488.25	2679.65	2871.06	3062.46	3253.86	3445.27	3636.67	3828.07	
97.1	191.087	382.175	573.262	764.349	955.436	1146.52	1337.61	1528.7	1719.79	1910.87	2101.96	2293.05	2484.13	2675.22	2866.31	3057.4	3248.48	3439.57	3630.66	3821.75	
98.1	190.765	381.53	572.295	763.06	953.824	1144.59	1335.35	1526.12	1716.88	1907.65	2098.41	2289.18	2479.94	2670.71	2861.47	3052.24	3243	3433.77	3624.53	3815.3	
99.1	190.437	380.873	571.31	761.746	952.183	1142.62	1333.06	1523.49	1713.93	1904.37	2094.8	2285.24	2475.68	2666.11	2856.55	3046.98	3237.42	3427.86	3618.29	3808.73	
100.1	190.102	380.204	570.307	760.409	950.511	1140.61	1330.72	1520.82	1710.92	1901.02	2091.12	2281.23	2471.33	2661.43	2851.53	3041.63	3231.74	3421.84	3611.94	3802.04	
101.1	189.762	379.523	569.285	759.047	948.809	1138.57	1328.33	1518.09	1707.86	1897.62	2087.38	2277.14	2466.9	2656.66	2846.43	3036.19	3225.95	3415.71	3605.47	3795.23	
102.1	189.415	378.83	568.245	757.661	947.076	1136.49	1325.91	1515.32	1704.74	1894.15	2083.57	2272.98	2462.4	2651.81	2841.23	3030.64	3220.06	3409.47	3598.89	3788.3	
103.1	189.051	378.103	567.154	756.205	945.256	1134.31	1323.36	1512.41	1701.46	1890.51	2079.56	2268.62	2457.67	2646.72	2835.77	3024.82	3213.87	3402.92	3591.97	3781.03	
104.1	188.621	377.242	565.863	754.484	943.105	1131.73	1320.35	1508.97	1697.59	1886.21	2074.83	2263.45	2452.07	2640.7	2829.32	3017.94	3206.56	3395.18	3583.8	3772.42	
105.1	188.182	376.365	564.547	752.729	940.911	1129.09	1317.28	1505.46	1693.64	1881.82	2070.01	2258.19	2446.37	2634.55	2822.73	3010.92	3199.1	3387.28	3575.46	3763.65	
106.1	187.735	375.47	563.205	750.939	938.674	1126.41	1314.14	1501.88	1689.61	1877.35	2065.08	2252.82	2440.55	2628.29	2816.02	3003.76	3191.49	3379.23	3566.96	3754.7	
107.1	187.279	374.557	561.836	749.115	936.393	1123.67	1310.95	1498.23	1685.51	1872.79	2060.06	2247.34	2434.62	2621.9	2809.18	2996.46	3183.74	3371.02	3558.29	3745.57	
108.1	186.814	373.627	560.441	747.254	934.068	1120.88	1307.69	1494.51	1681.32	1868.14	2054.95	2241.76	2428.58	2615.39	2802.2	2989.02	3175.83	3362.64	3549.46	3736.27	
109.1	186.34	372.679	559.019	745.358	931.698	1118.04	1304.38	1490.72	1677.06	1863.4	2049.74	2236.07	2422.41	2608.75	2795.09	2981.43	3167.77	3354.11	3540.45	3726.79	
110.1	185.857	371.713	557.57	743.426	929.283	1115.14	1301	1486.85	1672.71	1858.57	2044.42	2230.28	2416.13	2601.99	2787.85	2973.7	3159.56	3345.42	3531.27	3717.13	
111.1	186.195	372.39	558.584	744.779	930.974	1117.17	1303.36	1489.56	1675.75	1861.95	2048.14	2234.34	2420.53	2606.73	2792.92	2979.12	3165.31	3351.51	3537.7	3723.9	
112.1	186.732	373.464	560.195	746.927	933.659	1120.39	1307.12	1493.85	1680.59	1867.32	2054.05	2240.78	2427.51	2614.25	2800.98	2987.71	3174.44	3361.17	3547.9	3734.64	
113.1	187.269	374.537	561.806	749.074	936.343	1123.61	1310.88	1498.15	1685.42	1872.69	2059.95	2247.22	2434.49	2621.76	2809.03	2996.3	3183.57	3370.83	3558.1	3745.37	
114.1	187.805	375.61	563.415	751.221	939.026	1126.83	1314.64	1502.44	1690.25	1878.05	2065.86	2253.66	2441.47	2629.27	2817.08	3004.88	3192.69	3380.49	3568.3	3756.1	
115.1	188.341	376.683	565.024	753.366	941.707	1130.05	1318.39	1506.73	1695.07	1883.41	2071.76	2260.1	2448.44	2636.78	2825.12	3013.46	3201.81	3390.15	3578.49	3766.83	
116.1	188.878	377.755	566.633	755.51	944.388	1133.27	1322.14	1511.02	1699.9	1888.78	2077.65	2266.53	2455.41	2644.29	2833.16	3022.04	3210.92	3399.8	3588.67	3777.55	
117.1	189.413	378.827	568.24	757.654	947.067	1136.48	1325.89	1515.31	1704.72	1894.13	2083.55	2272.96	2462.37	2651.79	2841.2	3030.61	3220.03	3409.44	3598.86	3788.27	
118.1	190.797	381.593	572.39	763.187	953.984	1144.78	1335.58	1526.37	1717.17	1907.97	2098.76	2289.56	2480.36	2671.15	2861.95	3052.75	3243.54	3434.34	3625.14	3815.93	
119.1	193.188	386.375	579.563	772.751	965.939	1159.13	1352.31	1545.5	1738.69	1931.88	2125.07	2318.25	2511.44	2704.63	2897.82	3091	3284.19	3477.38	3670.57	3863.75	
120.1	195.557	391.115	586.672	782.23	977.787	1173.34	1368.9	1564.46	1760.02	1955.57	2151.13	2346.69	2542.25	2737.8	2933.36	3128.92	3324.48	3520.03	3715.59	3911.15	
121.1	197.907	395.813	593.72	791.626	989.533	1187.44	1385.35	1583.25	1781.16	1979.07	2176.97	2374.88	2572.78	2770.69	2968.6	3166.5	3364.41	3562.32	3760.22	3958.13	
122.1	200.236	400.471	600.707	800.942	1001.18	1201.41	1401.65	1601.88	1802.12	2002.36	2202.59	2402.83	2603.06	2803.3	3003.53	3203.77	3404.01	3604.24	3804.48	4004.71	
123.1	202.545	405.09	607.636	810.181	1012.73	1215.27	1417.82	1620.36	1822.91	2025.45	2228	2430.54	2633.09	2835.63	3038.18	3240.72	3443.27	3645.81	3848.36	4050.9	
124.1	204.836	409.672	614.508	819.344	1024.18	1229.02	1433.85	1638.69	1843.52	2048.36	2253.2	2458.03	2662.87	2867.7	3072.54	3277.38	3482.21	3687.05	3891.88	4096.72	
125.1	207.146	414.292	621.439	828.585	1035.73	1242.88	1450.02	1657.17	1864.32	2071.46	2278.61	2485.75	2692.9	2900.05	3107.19	3314.34	3521.49	3728.63	3935.78	4142.92	
126.1	209.778	419.556	629.335	839.113	1048.89	1258.67	1468.45	1678.23	1888	2097.78	2307.56	2517.34	2727.12	2936.89	3146.67	3356.45	3566.23	3776.01	3985.79	4195.56	
127.1	212.39	424.78	637.17	849.561	1061.95	1274.34	1486.73	1699.12	1911.51	2123.9	2336.29	2548.68	2761.07	2973.46	3185.85	3398.24	3610.63	3823.02	4035.41	4247.8	
128.1	214.983	429.965	644.948	859.931	1074.91	1289.9	1504.88	1719.86	1934.84	2149.83	2364.81	2579.79	2794.78	3009.76	3224.74	3439.72	3654.71	3869.69	4084.67	4299.65	
129.1	217.556	435.113	652.669	870.226	1087.78	1305.34	1522.9	1740.45	1958.01	2175.56	2393.12	2610.68	2828.23	3045.79	3263.35	3480.9	3698.46	3916.02	4133.57	4351.13	
130.1	220.112	440.224	660.336	880.448	1100.56	1320.67	1540.78	1760.9	1981.01	2201.12	2421.23	2641.34	2861.46	3081.57	3301.68	3521.79	3741.9	3962.02	4182.13	4402.24	
131.1	222.65	445.3	667.949	890.599	1113.25	1335.9	1558.55	1781.2	2003.85	2226.5	2449.15	2671.8	2894.45	3117.1	3339.75	3562.4	3785.05	4007.7	4230.35	4453	
132.1	225.17	450.341	675.511	900.682	1125.85	1351.02	1576.19	1801.36	2026.53	2251.7	2476.87	2702.05	2927.22	3152.39	3377.56	3602.73	3827.9	4053.07	4278.24	4503.41	
133.1	227.291	454.582	681.873	909.164	1136.45	1363.75	1591.04	1818.33	2045.62	2272.91	2500.2	2727.49	2954.78	3182.07	3409.36	3636.65	3863.95	4091.24	4318.53	4545.82	
134.1	229.275	458.551	687.826	917.101	1146.38	1375.65	1604.93	1834.2	2063.48	2292.75	2522.03	2751.3	2980.58	3209.85	3439.13	3668.41	3897.68	4126.96	4356.23	4585.51	
135.1	231.255	462.51	693.766	925.021	1156.28	1387.53	1618.79	1850.04	2081.3	2312.55	2543.81	2775.06	3006.32	3237.57	3468.83	3700.08	3931.34	4162.59	4393.85	4625.1	
136.1	233.231	466.461	699.692	932.922	1166.15	1399.38	1632.61	1865.84	2099.08	2332.31	2565.54	2798.77	3032	3265.23	3498.46	3731.69	3964.92	4198.15	4431.38	4664.61	
137.1	235.202	470.403	705.605	940.806	1176.01	1411.21	1646.41	1881.61	2116.81	2352.02	2587.22	2822.42	3057.62	3292.82	3528.02	3763.23	3998.43	4233.63	4468.83	4704.03	
138.1	237.168	474.337	711.505	948.673	1185.84	1423.01	1660.18	1897.35	2134.51	2371.68	2608.85	2846.02	3083.19	3320.36	3557.52	3794.69	4031.86	4269.03	4506.2	4743.37	
139.1	239.131	478.262	717.392	956.523	1195.65	1434.78	1673.92	1913.05	2152.18	2391.31	2630.44	2869.57	3108.7	3347.83	3586.96	3826.09	4065.22	4304.35	4543.48	4782.62	
140.1	240.926	481.852	722.777	963.703	1204.63	1445.55	1686.48	1927.41	2168.33	2409.26	2650.18	2891.11	3132.04	3372.96	3613.89	3854.81	4095.74	4336.66	4577.59	4818.52	
141.1	242.468	484.937	727.405	969.873	1212.34	1454.81	1697.28	1939.75	2182.22	2424.68	2667.15	2909.62	3152.09	3394.56	3637.03	3879.49	4121.96	4364.43	4606.9	4849.37	
142.1	244.011	488.022	732.033	976.044	1220.06	1464.07	1708.08	1952.09	2196.1	2440.11	2684.12	2928.13	3172.14	3416.15	3660.17	3904.18	4148.19	4392.2	4636.21	4880.22	
143.1	245.554	491.108	736.661	982.215	1227.77	1473.32	1718.88	1964.43	2209.98	2455.54	2701.09	2946.65	3192.2	3437.75	3683.31	3928.86	4174.41	4419.97	4665.52	4911.08	
144.1	247.097	494.193	741.29	988.386	1235.48	1482.58	1729.68	1976.77	2223.87	2470.97	2718.06	2965.16	3212.26	3459.35	3706.45	3953.54	4200.64	4447.74	4694.83	4941.93	
145.1	248.639	497.279	745.918	994.558	1243.2	1491.84	1740.48	1989.12	2237.76	2486.39	2735.03	2983.67	3232.31	3480.95	3729.59	3978.23	4226.87	4475.51	4724.15	4972.79	
146.1	250.182	500.365	750.547	1000.73	1250.91	1501.09	1751.28	2001.46	2251.64	2501.82	2752.01	3002.19	3252.37	3502.55	3752.74	4002.92	4253.1	4503.28	4753.47	5003.65	
147.1	251.717	503.434	755.151	1006.87	1258.58	1510.3	1762.02	2013.74	2265.45	2517.17	2768.89	3020.6	3272.32	3524.04	3775.75	4027.47	4279.19	4530.91	4782.62	5034.34	
148.1	253.053	506.106	759.158	1012.21	1265.26	1518.32	1771.37	2024.42	2277.47	2530.53	2783.58	3036.63	3289.69	3542.74	3795.79	4048.84	4301.9	4554.95	4808	5061.06	
149.1	254.389	508.778	763.167	1017.56	1271.95	1526.33	1780.72	2035.11	2289.5	2543.89	2798.28	3052.67	3307.06	3561.45	3815.84	4070.23	4324.62	4579	4833.39	5087.78	
150.1	255.726	511.452	767.178	1022.9	1278.63	1534.36	1790.08	2045.81	2301.53	2557.26	2812.99	3068.71	3324.44	3580.17	3835.89	4091.62	4347.34	4603.07	4858.8	5114.52	
151.1	257.064	514.127	771.191	1028.25	1285.32	1542.38	1799.45	2056.51	2313.57	2570.64	2827.7	3084.76	3341.83	3598.89	3855.95	4113.02	4370.08	4627.15	4884.21	5141.27	
152.1	258.402	516.804	775.205	1033.61	1292.01	1550.41	1808.81	2067.21	2325.62	2584.02	2842.42	3100.82	3359.22	3617.62	3876.03	4134.43	4392.83	4651.23	4909.63	5168.04	
153.1	259.74	519.481	779.221	1038.96	1298.7	1558.44	1818.18	2077.92	2337.66	2597.4	2857.15	3116.89	3376.63	3636.37	3896.11	4155.85	4415.59	4675.33	4935.07	5194.81	
154.1	261.08	522.16	783.239	1044.32	1305.4	1566.48	1827.56	2088.64	2349.72	2610.8	2871.88	3132.96	3394.04	3655.12	3916.2	4177.28	4438.36	4699.44	4960.52	5221.6	
155.1	262.356	524.712	787.068	1049.42	1311.78	1574.14	1836.49	2098.85	2361.2	2623.56	2885.92	3148.27	3410.63	3672.98	3935.34	4197.7	4460.05	4722.41	4984.76	5247.12	
156.1	263.604	527.207	790.811	1054.41	1318.02	1581.62	1845.22	2108.83	2372.43	2636.04	2899.64	3163.24	3426.85	3690.45	3954.05	4217.66	4481.26	4744.86	5008.47	5272.07	
157.1	264.851	529.702	794.553	1059.4	1324.26	1589.11	1853.96	2118.81	2383.66	2648.51	2913.36	3178.21	3443.06	3707.92	3972.77	4237.62	4502.47	4767.32	5032.17	5297.02	
158.1	266.099	532.198	798.297	1064.4	1330.49	1596.59	1862.69	2128.79	2394.89	2660.99	2927.09	3193.19	3459.29	3725.38	3991.48	4257.58	4523.68	4789.78	5055.88	5321.98	
159.1	267.347	534.694	802.04	1069.39	1336.73	1604.08	1871.43	2138.77	2406.12	2673.47	2940.81	3208.16	3475.51	3742.85	4010.2	4277.55	4544.89	4812.24	5079.59	5346.94	
160.1	268.595	537.19	805.784	1074.38	1342.97	1611.57	1880.16	2148.76	2417.35	2685.95	2954.54	3223.14	3491.73	3760.33	4028.92	4297.52	4566.11	4834.71	5103.3	5371.9	
161.1	269.843	539.686	809.529	1079.37	1349.21	1619.06	1888.9	2158.74	2428.59	2698.43	2968.27	3238.12	3507.96	3777.8	4047.64	4317.49	4587.33	4857.17	5127.02	5396.86	
162.1	271.071	542.141	813.212	1084.28	1355.35	1626.42	1897.49	2168.57	2439.64	2710.71	2981.78	3252.85	3523.92	3794.99	4066.06	4337.13	4608.2	4879.27	5150.34	5421.41	
163.1	272.257	544.514	816.771	1089.03	1361.28	1633.54	1905.8	2178.06	2450.31	2722.57	2994.83	3267.08	3539.34	3811.6	4083.85	4356.11	4628.37	4900.62	5172.88	5445.14	
164.1	273.442	546.885	820.327	1093.77	1367.21	1640.65	1914.1	2187.54	2460.98	2734.42	3007.87	3281.31	3554.75	3828.19	4101.64	4375.08	4648.52	4921.96	5195.41	5468.85	
165.1	274.627	549.254	823.881	1098.51	1373.14	1647.76	1922.39	2197.02	2471.64	2746.27	3020.9	3295.52	3570.15	3844.78	4119.41	4394.03	4668.66	4943.29	5217.91	5492.54	
166.1	275.811	551.622	827.433	1103.24	1379.05	1654.87	1930.68	2206.49	2482.3	2758.11	3033.92	3309.73	3585.54	3861.35	4137.16	4412.97	4688.79	4964.6	5240.41	5516.22	
167.1	276.994	553.988	830.982	1107.98	1384.97	1661.96	1938.96	2215.95	2492.95	2769.94	3046.93	3323.93	3600.92	3877.92	4154.91	4431.9	4708.9	4985.89	5262.89	5539.88	
168.1	278.176	556.353	834.529	1112.71	1390.88	1669.06	1947.23	2225.41	2503.59	2781.76	3059.94	3338.12	3616.29	3894.47	4172.65	4450.82	4729	5007.18	5285.35	5563.53	
169.1	279.358	558.716	838.074	1117.43	1396.79	1676.15	1955.51	2234.86	2514.22	2793.58	3072.94	3352.3	3631.65	3911.01	4190.37	4469.73	4749.09	5028.44	5307.8	5587.16	
170.1	280.579	561.157	841.736	1122.31	1402.89	1683.47	1964.05	2244.63	2525.21	2805.79	3086.36	3366.94	3647.52	3928.1	4208.68	4489.26	4769.83	5050.41	5330.99	5611.57	
171.1	281.799	563.597	845.396	1127.19	1408.99	1690.79	1972.59	2254.39	2536.19	2817.99	3099.78	3381.58	3663.38	3945.18	4226.98	4508.78	4790.57	5072.37	5354.17	5635.97	
172.1	283.017	566.035	849.052	1132.07	1415.09	1698.1	1981.12	2264.14	2547.16	2830.17	3113.19	3396.21	3679.23	3962.24	4245.26	4528.28	4811.29	5094.31	5377.33	5660.35	
173.1	284.235	568.47	852.705	1136.94	1421.18	1705.41	1989.65	2273.88	2558.12	2842.35	3126.59	3410.82	3695.06	3979.29	4263.53	4547.76	4832	5116.23	5400.47	5684.7	
174.1	285.452	570.903	856.355	1141.81	1427.26	1712.71	1998.16	2283.61	2569.06	2854.52	3139.97	3425.42	3710.87	3996.32	4281.77	4567.23	4852.68	5138.13	5423.58	5709.03	
175.1	286.667	573.334	860.001	1146.67	1433.34	1720	2006.67	2293.34	2580	2866.67	3153.34	3440	3726.67	4013.34	4300.01	4586.67	4873.34	5160.01	5446.67	5733.34	
176.1	287.881	575.763	863.644	1151.53	1439.41	1727.29	2015.17	2303.05	2590.93	2878.81	3166.69	3454.58	3742.46	4030.34	4318.22	4606.1	4893.98	5181.86	5469.75	5757.63	
177.1	289.128	578.257	867.385	1156.51	1445.64	1734.77	2023.9	2313.03	2602.16	2891.28	3180.41	3469.54	3758.67	4047.8	4336.93	4626.05	4915.18	5204.31	5493.44	5782.57	
178.1	290.394	580.787	871.181	1161.57	1451.97	1742.36	2032.76	2323.15	2613.54	2903.94	3194.33	3484.72	3775.12	4065.51	4355.91	4646.3	4936.69	5227.09	5517.48	5807.87	
179.1	291.657	583.315	874.972	1166.63	1458.29	1749.94	2041.6	2333.26	2624.92	2916.57	3208.23	3499.89	3791.55	4083.2	4374.86	4666.52	4958.18	5249.83	5541.49	5833.15	
180.1	292.92	585.839	878.759	1171.68	1464.6	1757.52	2050.44	2343.36	2636.28	2929.2	3222.12	3515.03	3807.95	4100.87	4393.79	4686.71	4979.63	5272.55	5565.47	5858.39	
181.1	294.18	588.36	882.54	1176.72	1470.9	1765.08	2059.26	2353.44	2647.62	2941.8	3235.98	3530.16	3824.34	4118.52	4412.7	4706.88	5001.06	5295.24	5589.42	5883.6	
182.1	295.439	590.878	886.317	1181.76	1477.2	1772.63	2068.07	2363.51	2658.95	2954.39	3249.83	3545.27	3840.71	4136.15	4431.59	4727.02	5022.46	5317.9	5613.34	5908.78	
183.1	296.696	593.393	890.089	1186.79	1483.48	1780.18	2076.88	2373.57	2670.27	2966.96	3263.66	3560.36	3857.05	4153.75	4450.45	4747.14	5043.84	5340.54	5637.23	5933.93	
184.1	297.959	595.917	893.876	1191.83	1489.79	1787.75	2085.71	2383.67	2681.63	2979.59	3277.54	3575.5	3873.46	4171.42	4469.38	4767.34	5065.29	5363.25	5661.21	5959.17	
185.1	299.235	598.47	897.705	1196.94	1496.18	1795.41	2094.65	2393.88	2693.12	2992.35	3291.59	3590.82	3890.06	4189.29	4488.53	4787.76	5087	5386.23	5685.47	5984.7	
186.1	300.51	601.02	901.529	1202.04	1502.55	1803.06	2103.57	2404.08	2704.59	3005.1	3305.61	3606.12	3906.63	4207.14	4507.65	4808.16	5108.67	5409.18	5709.69	6010.2	
187.1	301.783	603.566	905.348	1207.13	1508.91	1810.7	2112.48	2414.26	2716.04	3017.83	3319.61	3621.39	3923.18	4224.96	4526.74	4828.52	5130.31	5432.09	5733.87	6035.66	
188.1	303.054	606.108	909.162	1212.22	1515.27	1818.32	2121.38	2424.43	2727.49	3030.54	3333.59	3636.65	3939.7	4242.76	4545.81	4848.86	5151.92	5454.97	5758.03	6061.08	
189.1	304.323	608.647	912.97	1217.29	1521.62	1825.94	2130.26	2434.59	2738.91	3043.23	3347.56	3651.88	3956.21	4260.53	4564.85	4869.18	5173.5	5477.82	5782.15	6086.47	
190.1	305.591	611.182	916.774	1222.36	1527.96	1833.55	2139.14	2444.73	2750.32	3055.91	3361.5	3667.09	3972.69	4278.28	4583.87	4889.46	5195.05	5500.64	5806.23	6111.82	
191.1	306.857	613.715	920.572	1227.43	1534.29	1841.14	2148	2454.86	2761.72	3068.57	3375.43	3682.29	3989.15	4296	4602.86	4909.72	5216.58	5523.43	5830.29	6137.15	
192.1	308.213	616.427	924.64	1232.85	1541.07	1849.28	2157.49	2465.71	2773.92	3082.13	3390.35	3698.56	4006.77	4314.99	4623.2	4931.42	5239.63	5547.84	5856.06	6164.27	
193.1	309.575	619.15	928.725	1238.3	1547.88	1857.45	2167.03	2476.6	2786.18	3095.75	3405.33	3714.9	4024.48	4334.05	4643.63	4953.2	5262.78	5572.35	5881.93	6191.5	
194.1	310.935	621.869	932.804	1243.74	1554.67	1865.61	2176.54	2487.48	2798.41	3109.35	3420.28	3731.21	4042.15	4353.08	4664.02	4974.95	5285.89	5596.82	5907.76	6218.69	
195.1	312.292	624.584	936.876	1249.17	1561.46	1873.75	2186.04	2498.34	2810.63	3122.92	3435.21	3747.5	4059.8	4372.09	4684.38	4996.67	5308.96	5621.26	5933.55	6245.84	
196.1	313.648	627.295	940.943	1254.59	1568.24	1881.89	2195.53	2509.18	2822.83	3136.48	3450.12	3763.77	4077.42	4391.07	4704.71	5018.36	5332.01	5645.66	5959.3	6272.95	
197.1	315.001	630.002	945.003	1260	1575.01	1890.01	2205.01	2520.01	2835.01	3150.01	3465.01	3780.01	4095.01	4410.02	4725.02	5040.02	5355.02	5670.02	5985.02	6300.02	
198.1	316.353	632.705	949.058	1265.41	1581.76	1898.12	2214.47	2530.82	2847.17	3163.53	3479.88	3796.23	4112.59	4428.94	4745.29	5061.64	5378	5694.35	6010.7	6327.05	
199.1	317.694	635.387	953.081	1270.77	1588.47	1906.16	2223.86	2541.55	2859.24	3176.94	3494.63	3812.32	4130.02	4447.71	4765.4	5083.1	5400.79	5718.49	6036.18	6353.87	
200.1	319.026	638.052	957.078	1276.1	1595.13	1914.16	2233.18	2552.21	2871.23	3190.26	3509.29	3828.31	4147.34	4466.37	4785.39	5104.42	5423.44	5742.47	6061.5	6380.52	
201.1	320.357	640.713	961.07	1281.43	1601.78	1922.14	2242.5	2562.85	2883.21	3203.57	3523.92	3844.28	4164.64	4484.99	4805.35	5125.71	5446.06	5766.42	6086.78	6407.13	
202.1	321.685	643.371	965.056	1286.74	1608.43	1930.11	2251.8	2573.48	2895.17	3216.85	3538.54	3860.23	4181.91	4503.6	4825.28	5146.97	5468.65	5790.34	6112.02	6433.71	
203.1	323.012	646.025	969.037	1292.05	1615.06	1938.07	2261.09	2584.1	2907.11	3230.12	3553.14	3876.15	4199.16	4522.17	4845.19	5168.2	5491.21	5814.22	6137.24	6460.25	
204.1	324.338	648.675	973.013	1297.35	1621.69	1946.03	2270.36	2594.7	2919.04	3243.38	3567.71	3892.05	4216.39	4540.73	4865.07	5189.4	5513.74	5838.08	6162.42	6486.75	
205.1	325.661	651.322	976.983	1302.64	1628.31	1953.97	2279.63	2605.29	2930.95	3256.61	3582.27	3907.93	4233.6	4559.26	4884.92	5210.58	5536.24	5861.9	6187.56	6513.22	
206.1	327.007	654.014	981.022	1308.03	1635.04	1962.04	2289.05	2616.06	2943.06	3270.07	3597.08	3924.09	4251.09	4578.1	4905.11	5232.11	5559.12	5886.13	6213.14	6540.14	
207.1	328.438	656.876	985.315	1313.75	1642.19	1970.63	2299.07	2627.51	2955.94	3284.38	3612.82	3941.26	4269.7	4598.14	4926.57	5255.01	5583.45	5911.89	6240.33	6568.76	
208.1	329.867	659.734	989.602	1319.47	1649.34	1979.2	2309.07	2638.94	2968.8	3298.67	3628.54	3958.41	4288.27	4618.14	4948.01	5277.88	5607.74	5937.61	6267.48	6597.34	
209.1	331.294	662.588	993.883	1325.18	1656.47	1987.77	2319.06	2650.35	2981.65	3312.94	3644.24	3975.53	4306.82	4638.12	4969.41	5300.71	5632	5963.3	6294.59	6625.88	
210.1	332.719	665.438	998.157	1330.88	1663.6	1996.31	2329.03	2661.75	2994.47	3327.19	3659.91	3992.63	4325.35	4658.07	4990.79	5323.51	5656.23	5988.94	6321.66	6654.38	
211.1	334.142	668.284	1002.43	1336.57	1670.71	2004.85	2339	2673.14	3007.28	3341.42	3675.56	4009.71	4343.85	4677.99	5012.13	5346.27	5680.42	6014.56	6348.7	6682.84	
212.1	335.563	671.126	1006.69	1342.25	1677.82	2013.38	2348.94	2684.51	3020.07	3355.63	3691.2	4026.76	4362.32	4697.89	5033.45	5369.01	5704.57	6040.14	6375.7	6711.26	
213.1	336.982	673.965	1010.95	1347.93	1684.91	2021.89	2358.88	2695.86	3032.84	3369.82	3706.81	4043.79	4380.77	4717.75	5054.74	5391.72	5728.7	6065.68	6402.66	6739.65	
214.1	338.384	676.769	1015.15	1353.54	1691.92	2030.31	2368.69	2707.07	3045.46	3383.84	3722.23	4060.61	4399	4737.38	5075.77	5414.15	5752.53	6090.92	6429.3	6767.69	
215.1	339.782	679.564	1019.35	1359.13	1698.91	2038.69	2378.48	2718.26	3058.04	3397.82	3737.6	4077.39	4417.17	4756.95	5096.73	5436.52	5776.3	6116.08	6455.86	6795.64	
216.1	341.178	682.357	1023.54	1364.71	1705.89	2047.07	2388.25	2729.43	3070.61	3411.78	3752.96	4094.14	4435.32	4776.5	5117.68	5458.85	5800.03	6141.21	6482.39	6823.57	
217.1	342.573	685.146	1027.72	1370.29	1712.86	2055.44	2398.01	2740.58	3083.16	3425.73	3768.3	4110.88	4453.45	4796.02	5138.59	5481.17	5823.74	6166.31	6508.89	6851.46	
218.1	343.966	687.932	1031.9	1375.86	1719.83	2063.8	2407.76	2751.73	3095.69	3439.66	3783.62	4127.59	4471.56	4815.52	5159.49	5503.45	5847.42	6191.39	6535.35	6879.32	
219.1	345.357	690.714	1036.07	1381.43	1726.79	2072.14	2417.5	2762.86	3108.21	3453.57	3798.93	4144.29	4489.64	4835	5180.36	5525.71	5871.07	6216.43	6561.79	6907.14	
220.1	346.747	693.494	1040.24	1386.99	1733.73	2080.48	2427.23	2773.97	3120.72	3467.47	3814.21	4160.96	4507.71	4854.46	5201.2	5547.95	5894.7	6241.44	6588.19	6934.94	
221.1	348.175	696.349	1044.52	1392.7	1740.87	2089.05	2437.22	2785.4	3133.57	3481.75	3829.92	4178.1	4526.27	4874.44	5222.62	5570.79	5918.97	6267.14	6615.32	6963.49	
222.1	349.639	699.277	1048.92	1398.55	1748.19	2097.83	2447.47	2797.11	3146.75	3496.39	3846.02	4195.66	4545.3	4894.94	5244.58	5594.22	5943.86	6293.49	6643.13	6992.77	
223.1	351.101	702.202	1053.3	1404.4	1755.5	2106.61	2457.71	2808.81	3159.91	3511.01	3862.11	4213.21	4564.31	4915.41	5266.51	5617.61	5968.72	6319.82	6670.92	7022.02	
224.1	352.561	705.123	1057.68	1410.25	1762.81	2115.37	2467.93	2820.49	3173.05	3525.61	3878.18	4230.74	4583.3	4935.86	5288.42	5640.98	5993.55	6346.11	6698.67	7051.23	
225.1	354.02	708.041	1062.06	1416.08	1770.1	2124.12	2478.14	2832.16	3186.18	3540.2	3894.22	4248.25	4602.27	4956.29	5310.31	5664.33	6018.35	6372.37	6726.39	7080.41	
226.1	355.478	710.955	1066.43	1421.91	1777.39	2132.87	2488.34	2843.82	3199.3	3554.78	3910.25	4265.73	4621.21	4976.69	5332.17	5687.64	6043.12	6398.6	6754.08	7109.55	
227.1	356.933	713.867	1070.8	1427.73	1784.67	2141.6	2498.53	2855.47	3212.4	3569.33	3926.27	4283.2	4640.13	4997.07	5354	5710.93	6067.87	6424.8	6781.73	7138.67	
228.1	358.398	716.796	1075.19	1433.59	1791.99	2150.39	2508.79	2867.18	3225.58	3583.98	3942.38	4300.78	4659.17	5017.57	5375.97	5734.37	6092.77	6451.16	6809.56	7167.96	
229.1	359.917	719.834	1079.75	1439.67	1799.58	2159.5	2519.42	2879.33	3239.25	3599.17	3959.09	4319	4678.92	5038.84	5398.75	5758.67	6118.59	6478.5	6838.42	7198.34	
230.1	361.434	722.868	1084.3	1445.74	1807.17	2168.6	2530.04	2891.47	3252.91	3614.34	3975.78	4337.21	4698.64	5060.08	5421.51	5782.95	6144.38	6505.81	6867.25	7228.68	
231.1	362.95	725.9	1088.85	1451.8	1814.75	2177.7	2540.65	2903.6	3266.55	3629.5	3992.45	4355.4	4718.35	5081.3	5444.25	5807.2	6170.15	6533.1	6896.05	7259	
232.1	364.464	728.928	1093.39	1457.86	1822.32	2186.78	2551.25	2915.71	3280.17	3644.64	4009.1	4373.57	4738.03	5102.49	5466.96	5831.42	6195.89	6560.35	6924.81	7289.28	
233.1	365.976	731.953	1097.93	1463.91	1829.88	2195.86	2561.84	2927.81	3293.79	3659.76	4025.74	4391.72	4757.69	5123.67	5489.65	5855.62	6221.6	6587.58	6953.55	7319.53	
234.1	367.487	734.975	1102.46	1469.95	1837.44	2204.92	2572.41	2939.9	3307.39	3674.87	4042.36	4409.85	4777.34	5144.82	5512.31	5879.8	6247.29	6614.77	6982.26	7349.75	
235.1	368.997	737.994	1106.99	1475.99	1844.98	2213.98	2582.98	2951.98	3320.97	3689.97	4058.97	4427.96	4796.96	5165.96	5534.95	5903.95	6272.95	6641.95	7010.94	7379.94	
236.1	370.504	741.007	1111.51	1482.01	1852.52	2223.02	2593.53	2964.03	3334.53	3705.04	4075.54	4446.04	4816.55	5187.05	5557.55	5928.06	6298.56	6669.07	7039.57	7410.07	
237.1	372.009	744.017	1116.03	1488.03	1860.04	2232.05	2604.06	2976.07	3348.08	3720.09	4092.1	4464.1	4836.11	5208.12	5580.13	5952.14	6324.15	6696.16	7068.17	7440.17	
238.1	373.513	747.025	1120.54	1494.05	1867.56	2241.08	2614.59	2988.1	3361.61	3735.13	4108.64	4482.15	4855.66	5229.18	5602.69	5976.2	6349.71	6723.23	7096.74	7470.25	
239.1	375.015	750.03	1125.05	1500.06	1875.08	2250.09	2625.11	3000.12	3375.14	3750.15	4125.17	4500.18	4875.2	5250.21	5625.23	6000.24	6375.26	6750.27	7125.29	7500.3	
240.1	376.517	753.033	1129.55	1506.07	1882.58	2259.1	2635.62	3012.13	3388.65	3765.17	4141.68	4518.2	4894.72	5271.23	5647.75	6024.27	6400.78	6777.3	7153.82	7530.33	
241.1	378.017	756.034	1134.05	1512.07	1890.08	2268.1	2646.12	3024.14	3402.15	3780.17	4158.19	4536.2	4914.22	5292.24	5670.25	6048.27	6426.29	6804.31	7182.32	7560.34	
242.1	379.516	759.032	1138.55	1518.06	1897.58	2277.1	2656.61	3036.13	3415.64	3795.16	4174.68	4554.19	4933.71	5313.23	5692.74	6072.26	6451.77	6831.29	7210.81	7590.32	
243.1	381.076	762.151	1143.23	1524.3	1905.38	2286.45	2667.53	3048.61	3429.68	3810.76	4191.83	4572.91	4953.98	5335.06	5716.14	6097.21	6478.29	6859.36	7240.44	7621.51	
244.1	382.708	765.417	1148.13	1530.83	1913.54	2296.25	2678.96	3061.67	3444.38	3827.08	4209.79	4592.5	4975.21	5357.92	5740.63	6123.33	6506.04	6888.75	7271.46	7654.17	
245.1	384.34	768.68	1153.02	1537.36	1921.7	2306.04	2690.38	3074.72	3459.06	3843.4	4227.74	4612.08	4996.42	5380.76	5765.1	6149.44	6533.78	6918.12	7302.46	7686.8	
246.1	385.97	771.94	1157.91	1543.88	1929.85	2315.82	2701.79	3087.76	3473.73	3859.7	4245.67	4631.64	5017.61	5403.58	5789.55	6175.52	6561.49	6947.46	7333.43	7719.4	
247.1	387.599	775.197	1162.8	1550.39	1937.99	2325.59	2713.19	3100.79	3488.39	3875.99	4263.59	4651.18	5038.78	5426.38	5813.98	6201.58	6589.18	6976.78	7364.37	7751.97	
248.1	389.226	778.452	1167.68	1556.9	1946.13	2335.36	2724.58	3113.81	3503.04	3892.26	4281.49	4670.71	5059.94	5449.17	5838.39	6227.62	6616.85	7006.07	7395.3	7784.52	
249.1	390.852	781.705	1172.56	1563.41	1954.26	2345.11	2735.97	3126.82	3517.67	3908.52	4299.38	4690.23	5081.08	5471.93	5862.79	6253.64	6644.49	7035.34	7426.2	7817.05	
250.1	392.55	785.101	1177.65	1570.2	1962.75	2355.3	2747.85	3140.4	3532.95	3925.5	4318.05	4710.6	5103.15	5495.71	5888.26	6280.81	6673.36	7065.91	7458.46	7851.01	
251.1	394.907	789.814	1184.72	1579.63	1974.54	2369.44	2764.35	3159.26	3554.16	3949.07	4343.98	4738.89	5133.79	5528.7	5923.61	6318.51	6713.42	7108.33	7503.23	7898.14	
252.1	397.268	794.537	1191.81	1589.07	1986.34	2383.61	2780.88	3178.15	3575.42	3972.68	4369.95	4767.22	5164.49	5561.76	5959.03	6356.3	6753.56	7150.83	7548.1	7945.37	
253.1	399.635	799.269	1198.9	1598.54	1998.17	2397.81	2797.44	3197.08	3596.71	3996.35	4395.98	4795.62	5195.25	5594.88	5994.52	6394.15	6793.79	7193.42	7593.06	7992.69	
254.1	402.005	804.011	1206.02	1608.02	2010.03	2412.03	2814.04	3216.04	3618.05	4020.05	4422.06	4824.06	5226.07	5628.08	6030.08	6432.09	6834.09	7236.1	7638.1	8040.11	
255.1	404.381	808.762	1213.14	1617.52	2021.9	2426.28	2830.67	3235.05	3639.43	4043.81	4448.19	4852.57	5256.95	5661.33	6065.71	6470.09	6874.47	7278.85	7683.24	8087.62	
256.1	406.761	813.522	1220.28	1627.04	2033.8	2440.57	2847.33	3254.09	3660.85	4067.61	4474.37	4881.13	5287.89	5694.65	6101.41	6508.17	6914.94	7321.7	7728.46	8135.22	
257.1	409.146	818.291	1227.44	1636.58	2045.73	2454.87	2864.02	3273.17	3682.31	4091.46	4500.6	4909.75	5318.89	5728.04	6137.19	6546.33	6955.48	7364.62	7773.77	8182.91	
258.1	411.535	823.07	1234.61	1646.14	2057.68	2469.21	2880.75	3292.28	3703.82	4115.35	4526.89	4938.42	5349.96	5761.49	6173.03	6584.56	6996.1	7407.63	7819.17	8230.7	
259.1	413.929	827.858	1241.79	1655.72	2069.65	2483.57	2897.5	3311.43	3725.36	4139.29	4553.22	4967.15	5381.08	5795.01	6208.94	6622.87	7036.79	7450.72	7864.65	8278.58	
260.1	416.328	832.656	1248.98	1665.31	2081.64	2497.97	2914.29	3330.62	3746.95	4163.28	4579.61	4995.93	5412.26	5828.59	6244.92	6661.24	7077.57	7493.9	7910.23	8326.56	
261.1	418.731	837.462	1256.19	1674.92	2093.66	2512.39	2931.12	3349.85	3768.58	4187.31	4606.04	5024.77	5443.5	5862.23	6280.97	6699.7	7118.43	7537.16	7955.89	8374.62	
262.1	421.139	842.278	1263.42	1684.56	2105.69	2526.83	2947.97	3369.11	3790.25	4211.39	4632.53	5053.67	5474.81	5895.94	6317.08	6738.22	7159.36	7580.5	8001.64	8422.78	
263.1	423.551	847.103	1270.65	1694.21	2117.76	2541.31	2964.86	3388.41	3811.96	4235.51	4659.07	5082.62	5506.17	5929.72	6353.27	6776.82	7200.37	7623.93	8047.48	8471.03	
264.1	425.968	851.937	1277.91	1703.87	2129.84	2555.81	2981.78	3407.75	3833.72	4259.68	4685.65	5111.62	5537.59	5963.56	6389.53	6815.5	7241.46	7667.43	8093.4	8519.37	
265.1	428.39	856.78	1285.17	1713.56	2141.95	2570.34	2998.73	3427.12	3855.51	4283.9	4712.29	5140.68	5569.07	5997.46	6425.85	6854.24	7282.63	7711.02	8139.41	8567.8	
266.1	430.816	861.633	1292.45	1723.27	2154.08	2584.9	3015.71	3446.53	3877.35	4308.16	4738.98	5169.8	5600.61	6031.43	6462.25	6893.06	7323.88	7754.69	8185.51	8616.33	
267.1	433.247	866.494	1299.74	1732.99	2166.24	2599.48	3032.73	3465.98	3899.22	4332.47	4765.72	5198.97	5632.21	6065.46	6498.71	6931.95	7365.2	7798.45	8231.7	8664.94	
268.1	435.682	871.365	1307.05	1742.73	2178.41	2614.09	3049.78	3485.46	3921.14	4356.82	4792.51	5228.19	5663.87	6099.55	6535.24	6970.92	7406.6	7842.28	8277.97	8713.65	
269.1	438.122	876.245	1314.37	1752.49	2190.61	2628.73	3066.86	3504.98	3943.1	4381.22	4819.35	5257.47	5695.59	6133.71	6571.84	7009.96	7448.08	7886.2	8324.32	8762.45	
270.1	440.567	881.134	1321.7	1762.27	2202.83	2643.4	3083.97	3524.53	3965.1	4405.67	4846.23	5286.8	5727.37	6167.93	6608.5	7049.07	7489.64	7930.2	8370.77	8811.34	
271.1	443.016	886.031	1329.05	1772.06	2215.08	2658.09	3101.11	3544.13	3987.14	4430.16	4873.17	5316.19	5759.2	6202.22	6645.24	7088.25	7531.27	7974.28	8417.3	8860.31	
272.1	445.469	890.938	1336.41	1781.88	2227.35	2672.82	3118.28	3563.75	4009.22	4454.69	4900.16	5345.63	5791.1	6236.57	6682.04	7127.51	7572.98	8018.45	8463.91	8909.38	
273.1	447.927	895.854	1343.78	1791.71	2239.64	2687.56	3135.49	3583.42	4031.34	4479.27	4927.2	5375.13	5823.05	6270.98	6718.91	7166.83	7614.76	8062.69	8510.62	8958.54	
274.1	450.39	900.779	1351.17	1801.56	2251.95	2702.34	3152.73	3603.12	4053.51	4503.9	4954.29	5404.68	5855.07	6305.46	6755.84	7206.23	7656.62	8107.01	8557.4	9007.79	
275.1	452.857	905.713	1358.57	1811.43	2264.28	2717.14	3170	3622.85	4075.71	4528.57	4981.42	5434.28	5887.14	6339.99	6792.85	7245.71	7698.56	8151.42	8604.28	9057.13	
276.1	455.328	910.656	1365.98	1821.31	2276.64	2731.97	3187.3	3642.62	4097.95	4553.28	5008.61	5463.94	5919.27	6374.59	6829.92	7285.25	7740.58	8195.91	8651.23	9106.56	
277.1	457.804	915.608	1373.41	1831.22	2289.02	2746.82	3204.63	3662.43	4120.24	4578.04	5035.84	5493.65	5951.45	6409.26	6867.06	7324.87	7782.67	8240.47	8698.28	9156.08	
278.1	460.284	920.569	1380.85	1841.14	2301.42	2761.71	3221.99	3682.28	4142.56	4602.84	5063.13	5523.41	5983.7	6443.98	6904.27	7364.55	7824.84	8285.12	8745.41	9205.69	
279.1	462.769	925.539	1388.31	1851.08	2313.85	2776.62	3239.39	3702.15	4164.92	4627.69	5090.46	5553.23	6016	6478.77	6941.54	7404.31	7867.08	8329.85	8792.62	9255.39	
280.1	465.259	930.517	1395.78	1861.03	2326.29	2791.55	3256.81	3722.07	4187.33	4652.59	5117.85	5583.1	6048.36	6513.62	6978.88	7444.14	7909.4	8374.66	8839.92	9305.17	
281.1	467.753	935.505	1403.26	1871.01	2338.76	2806.52	3274.27	3742.02	4209.77	4677.53	5145.28	5613.03	6080.78	6548.54	7016.29	7484.04	7951.79	8419.55	8887.3	9355.05	
282.1	470.251	940.501	1410.75	1881	2351.25	2821.5	3291.76	3762.01	4232.26	4702.51	5172.76	5643.01	6113.26	6583.51	7053.76	7524.01	7994.26	8464.51	8934.76	9405.01	
283.1	472.753	945.507	1418.26	1891.01	2363.77	2836.52	3309.27	3782.03	4254.78	4727.53	5200.29	5673.04	6145.79	6618.55	7091.3	7564.05	8036.81	8509.56	8982.31	9455.07	
284.1	475.26	950.521	1425.78	1901.04	2376.3	2851.56	3326.82	3802.08	4277.34	4752.6	5227.87	5703.13	6178.39	6653.65	7128.91	7604.17	8079.43	8554.69	9029.95	9505.21	
285.1	477.772	955.544	1433.32	1911.09	2388.86	2866.63	3344.4	3822.18	4299.95	4777.72	5255.49	5733.26	6211.04	6688.81	7166.58	7644.35	8122.12	8599.9	9077.67	9555.44	
286.1	480.288	960.576	1440.86	1921.15	2401.44	2881.73	3362.02	3842.3	4322.59	4802.88	5283.17	5763.45	6243.74	6724.03	7204.32	7684.61	8164.89	8645.18	9125.47	9605.76	
287.1	482.808	965.616	1448.42	1931.23	2414.04	2896.85	3379.66	3862.47	4345.27	4828.08	5310.89	5793.7	6276.51	6759.31	7242.12	7724.93	8207.74	8690.55	9173.36	9656.16	
288.1	485.333	970.666	1456	1941.33	2426.66	2912	3397.33	3882.66	4368	4853.33	5338.66	5823.99	6309.33	6794.66	7279.99	7765.33	8250.66	8735.99	9221.33	9706.66	
289.1	487.862	975.724	1463.59	1951.45	2439.31	2927.17	3415.03	3902.9	4390.76	4878.62	5366.48	5854.34	6342.21	6830.07	7317.93	7805.79	8293.65	8781.52	9269.38	9757.24	
290.1	490.395	980.791	1471.19	1961.58	2451.98	2942.37	3432.77	3923.16	4413.56	4903.95	5394.35	5884.75	6375.14	6865.54	7355.93	7846.33	8336.72	8827.12	9317.51	9807.91	
291.1	492.933	985.867	1478.8	1971.73	2464.67	2957.6	3450.53	3943.47	4436.4	4929.33	5422.27	5915.2	6408.13	6901.07	7394	7886.93	8379.87	8872.8	9365.73	9858.67	
292.1	495.476	990.951	1486.43	1981.9	2477.38	2972.85	3468.33	3963.8	4459.28	4954.76	5450.23	5945.71	6441.18	6936.66	7432.13	7927.61	8423.08	8918.56	9414.03	9909.51	
293.1	498.022	996.044	1494.07	1992.09	2490.11	2988.13	3486.15	3984.18	4482.2	4980.22	5478.24	5976.26	6474.29	6972.31	7470.33	7968.35	8466.38	8964.4	9462.42	9960.44	
294.1	500.573	1001.15	1501.72	2002.29	2502.86	3003.44	3504.01	4004.58	4505.16	5005.73	5506.3	6006.88	6507.45	7008.02	7508.59	8009.17	8509.74	9010.31	9510.89	10011.5	
295.1	503.128	1006.26	1509.38	2012.51	2515.64	3018.77	3521.9	4025.03	4528.15	5031.28	5534.41	6037.54	6540.67	7043.79	7546.92	8050.05	8553.18	9056.31	9559.44	10062.6	
296.1	505.688	1011.38	1517.06	2022.75	2528.44	3034.13	3539.81	4045.5	4551.19	5056.88	5562.57	6068.25	6573.94	7079.63	7585.32	8091	8596.69	9102.38	9608.07	10113.8	
297.1	508.252	1016.5	1524.76	2033.01	2541.26	3049.51	3557.76	4066.01	4574.27	5082.52	5590.77	6099.02	6607.27	7115.52	7623.78	8132.03	8640.28	9148.53	9656.78	10165	
298.1	510.82	1021.64	1532.46	2043.28	2554.1	3064.92	3575.74	4086.56	4597.38	5108.2	5619.02	6129.84	6640.66	7151.48	7662.3	8173.12	8683.94	9194.76	9705.58	10216.4	
299.1	513.392	1026.78	1540.18	2053.57	2566.96	3080.35	3593.75	4107.14	4620.53	5133.92	5647.32	6160.71	6674.1	7187.49	7700.89	8214.28	8727.67	9241.06	9754.46	10267.8	
300.1	515.969	1031.94	1547.91	2063.88	2579.85	3095.82	3611.78	4127.75	4643.72	5159.69	5675.66	6191.63	6707.6	7223.57	7739.54	8255.51	8771.48	9287.45	9803.42	10319.4	
301.1	518.55	1037.1	1555.65	2074.2	2592.75	3111.3	3629.85	4148.4	4666.95	5185.5	5704.05	6222.61	6741.16	7259.71	7778.26	8296.81	8815.36	9333.91	9852.46	10371	
302.1	521.136	1042.27	1563.41	2084.54	2605.68	3126.82	3647.95	4169.09	4690.22	5211.36	5732.49	6253.63	6774.77	7295.9	7817.04	8338.17	8859.31	9380.45	9901.58	10422.7	
303.1	523.726	1047.45	1571.18	2094.9	2618.63	3142.35	3666.08	4189.8	4713.53	5237.26	5760.98	6284.71	6808.43	7332.16	7855.88	8379.61	8903.33	9427.06	9950.79	10474.5	
304.1	526.32	1052.64	1578.96	2105.28	2631.6	3157.92	3684.24	4210.56	4736.88	5263.2	5789.51	6315.83	6842.15	7368.47	7894.79	8421.11	8947.43	9473.75	10000.1	10526.4	
305.1	528.918	1057.84	1586.75	2115.67	2644.59	3173.51	3702.42	4231.34	4760.26	5289.18	5818.1	6347.01	6875.93	7404.85	7933.77	8462.68	8991.6	9520.52	10049.4	10578.4	
306.1	531.52	1063.04	1594.56	2126.08	2657.6	3189.12	3720.64	4252.16	4783.68	5315.2	5846.72	6378.24	6909.76	7441.28	7972.8	8504.32	9035.84	9567.37	10098.9	10630.4	
307.1	534.127	1068.25	1602.38	2136.51	2670.64	3204.76	3738.89	4273.02	4807.14	5341.27	5875.4	6409.52	6943.65	7477.78	8011.91	8546.03	9080.16	9614.29	10148.4	10682.5	
308.1	536.738	1073.48	1610.21	2146.95	2683.69	3220.43	3757.17	4293.9	4830.64	5367.38	5904.12	6440.86	6977.59	7514.33	8051.07	8587.81	9124.55	9661.29	10198	10734.8	
309.1	539.353	1078.71	1618.06	2157.41	2696.77	3236.12	3775.47	4314.83	4854.18	5393.53	5932.89	6472.24	7011.59	7550.95	8090.3	8629.65	9169.01	9708.36	10247.7	10787.1	
310.1	541.973	1083.95	1625.92	2167.89	2709.86	3251.84	3793.81	4335.78	4877.76	5419.73	5961.7	6503.67	7045.65	7587.62	8129.59	8671.57	9213.54	9755.51	10297.5	10839.5	
311.1	544.597	1089.19	1633.79	2178.39	2722.98	3267.58	3812.18	4356.77	4901.37	5445.97	5990.56	6535.16	7079.75	7624.35	8168.95	8713.54	9258.14	9802.74	10347.3	10891.9	
312.1	547.224	1094.45	1641.67	2188.9	2736.12	3283.35	3830.57	4377.8	4925.02	5472.24	6019.47	6566.69	7113.92	7661.14	8208.37	8755.59	9302.82	9850.04	10397.3	10944.5	
313.1	549.857	1099.71	1649.57	2199.43	2749.28	3299.14	3849	4398.85	4948.71	5498.57	6048.42	6598.28	7148.14	7697.99	8247.85	8797.71	9347.56	9897.42	10447.3	10997.1	
314.1	552.493	1104.99	1657.48	2209.97	2762.46	3314.96	3867.45	4419.94	4972.44	5524.93	6077.42	6629.92	7182.41	7734.9	8287.39	8839.89	9392.38	9944.87	10497.4	11049.9	
315.1	555.134	1110.27	1665.4	2220.53	2775.67	3330.8	3885.93	4441.07	4996.2	5551.34	6106.47	6661.6	7216.74	7771.87	8327	8882.14	9437.27	9992.4	10547.5	11102.7	
316.1	557.778	1115.56	1673.33	2231.11	2788.89	3346.67	3904.45	4462.23	5020	5577.78	6135.56	6693.34	7251.12	7808.9	8366.67	8924.45	9482.23	10040	10597.8	11155.6	
317.1	560.427	1120.85	1681.28	2241.71	2802.14	3362.56	3922.99	4483.42	5043.84	5604.27	6164.7	6725.13	7285.55	7845.98	8406.41	8966.84	9527.26	10087.7	10648.1	11208.5	
318.1	563.08	1126.16	1689.24	2252.32	2815.4	3378.48	3941.56	4504.64	5067.72	5630.8	6193.88	6756.96	7320.04	7883.12	8446.21	9009.29	9572.37	10135.4	10698.5	11261.6	
319.1	565.738	1131.48	1697.21	2262.95	2828.69	3394.43	3960.16	4525.9	5091.64	5657.38	6223.11	6788.85	7354.59	7920.33	8486.06	9051.8	9617.54	10183.3	10749	11314.8	
320.1	568.399	1136.8	1705.2	2273.6	2842	3410.39	3978.79	4547.19	5115.59	5683.99	6252.39	6820.79	7389.19	7957.59	8525.99	9094.39	9662.78	10231.2	10799.6	11368	
321.1	571.065	1142.13	1713.19	2284.26	2855.32	3426.39	3997.45	4568.52	5139.58	5710.65	6281.71	6852.78	7423.84	7994.91	8565.97	9137.04	9708.1	10279.2	10850.2	11421.3	
322.1	573.734	1147.47	1721.2	2294.94	2868.67	3442.41	4016.14	4589.88	5163.61	5737.34	6311.08	6884.81	7458.55	8032.28	8606.02	9179.75	9753.49	10327.2	10901	11474.7	
323.1	576.408	1152.82	1729.23	2305.63	2882.04	3458.45	4034.86	4611.27	5187.68	5764.08	6340.49	6916.9	7493.31	8069.72	8646.13	9222.53	9798.94	10375.4	10951.8	11528.2	
324.1	579.086	1158.17	1737.26	2316.35	2895.43	3474.52	4053.61	4632.69	5211.78	5790.86	6369.95	6949.04	7528.12	8107.21	8686.3	9265.38	9844.47	10423.6	11002.6	11581.7	
325.1	581.769	1163.54	1745.31	2327.07	2908.84	3490.61	4072.38	4654.15	5235.92	5817.69	6399.46	6981.22	7562.99	8144.76	8726.53	9308.3	9890.07	10471.8	11053.6	11635.4	
326.1	584.455	1168.91	1753.36	2337.82	2922.27	3506.73	4091.18	4675.64	5260.09	5844.55	6429	7013.46	7597.91	8182.37	8766.82	9351.28	9935.73	10520.2	11104.6	11689.1	
327.1	587.145	1174.29	1761.44	2348.58	2935.73	3522.87	4110.02	4697.16	5284.31	5871.45	6458.6	7045.74	7632.89	8220.04	8807.18	9394.33	9981.47	10568.6	11155.8	11742.9	
328.1	589.84	1179.68	1769.52	2359.36	2949.2	3539.04	4128.88	4718.72	5308.56	5898.4	6488.24	7078.08	7667.92	8257.76	8847.6	9437.44	10027.3	10617.1	11207	11796.8	
329.1	592.539	1185.08	1777.62	2370.15	2962.69	3555.23	4147.77	4740.31	5332.85	5925.39	6517.93	7110.46	7703	8295.54	8888.08	9480.62	10073.2	10665.7	11258.2	11850.8	
330.1	595.241	1190.48	1785.72	2380.97	2976.21	3571.45	4166.69	4761.93	5357.17	5952.41	6547.66	7142.9	7738.14	8333.38	8928.62	9523.86	10119.1	10714.3	11309.6	11904.8	
331.1	597.948	1195.9	1793.84	2391.79	2989.74	3587.69	4185.64	4783.59	5381.53	5979.48	6577.43	7175.38	7773.33	8371.28	8969.22	9567.17	10165.1	10763.1	11361	11959	
332.1	600.659	1201.32	1801.98	2402.64	3003.3	3603.96	4204.61	4805.27	5405.93	6006.59	6607.25	7207.91	7808.57	8409.23	9009.89	9610.55	10211.2	10811.9	11412.5	12013.2	
333.1	603.374	1206.75	1810.12	2413.5	3016.87	3620.25	4223.62	4826.99	5430.37	6033.74	6637.12	7240.49	7843.87	8447.24	9050.61	9653.99	10257.4	10860.7	11464.1	12067.5	
334.1	606.093	1212.19	1818.28	2424.37	3030.47	3636.56	4242.65	4848.75	5454.84	6060.93	6667.03	7273.12	7879.21	8485.31	9091.4	9697.49	10303.6	10909.7	11515.8	12121.9	
335.1	608.817	1217.63	1826.45	2435.27	3044.08	3652.9	4261.72	4870.53	5479.35	6088.17	6696.98	7305.8	7914.62	8523.43	9132.25	9741.07	10349.9	10958.7	11567.5	12176.3	
336.1	611.544	1223.09	1834.63	2446.18	3057.72	3669.26	4280.81	4892.35	5503.89	6115.44	6726.98	7338.53	7950.07	8561.61	9173.16	9784.7	10396.2	11007.8	11619.3	12230.9	
337.1	614.275	1228.55	1842.83	2457.1	3071.38	3685.65	4299.93	4914.2	5528.48	6142.75	6757.03	7371.3	7985.58	8599.85	9214.13	9828.4	10442.7	11057	11671.2	12285.5	
338.1	617.011	1234.02	1851.03	2468.04	3085.05	3702.06	4319.07	4936.08	5553.1	6170.11	6787.12	7404.13	8021.14	8638.15	9255.16	9872.17	10489.2	11106.2	11723.2	12340.2	
339.1	619.75	1239.5	1859.25	2479	3098.75	3718.5	4338.25	4958	5577.75	6197.5	6817.25	7437	8056.75	8676.5	9296.25	9916	10535.8	11155.5	11775.3	12395	
340.1	622.493	1244.99	1867.48	2489.97	3112.47	3734.96	4357.45	4979.95	5602.44	6224.93	6847.43	7469.92	8092.42	8714.91	9337.4	9959.9	10582.4	11204.9	11827.4	12449.9	
341.1	625.241	1250.48	1875.72	2500.96	3126.2	3751.45	4376.69	5001.93	5627.17	6252.41	6877.65	7502.89	8128.13	8753.37	9378.61	10003.9	10629.1	11254.3	11879.6	12504.8	
342.1	627.993	1255.99	1883.98	2511.97	3139.96	3767.96	4395.95	5023.94	5651.93	6279.93	6907.92	7535.91	8163.9	8791.9	9419.89	10047.9	10675.9	11303.9	11931.9	12559.9	
343.1	630.748	1261.5	1892.24	2522.99	3153.74	3784.49	4415.24	5045.98	5676.73	6307.48	6938.23	7568.98	8199.72	8830.47	9461.22	10092	10722.7	11353.5	11984.2	12615	
344.1	633.508	1267.02	1900.52	2534.03	3167.54	3801.05	4434.55	5068.06	5701.57	6335.08	6968.58	7602.09	8235.6	8869.11	9502.61	10136.1	10769.6	11403.1	12036.6	12670.2	
345.1	636.271	1272.54	1908.81	2545.08	3181.36	3817.63	4453.9	5090.17	5726.44	6362.71	6998.98	7635.25	8271.53	8907.8	9544.07	10180.3	10816.6	11452.9	12089.2	12725.4	
346.1	639.039	1278.08	1917.12	2556.16	3195.19	3834.23	4473.27	5112.31	5751.35	6390.39	7029.43	7668.47	8307.5	8946.54	9585.58	10224.6	10863.7	11502.7	12141.7	12780.8	
347.1	641.81	1283.62	1925.43	2567.24	3209.05	3850.86	4492.67	5134.48	5776.29	6418.1	7059.91	7701.73	8343.54	8985.35	9627.16	10269	10910.8	11552.6	12194.4	12836.2	
348.1	644.586	1289.17	1933.76	2578.34	3222.93	3867.52	4512.1	5156.69	5801.27	6445.86	7090.45	7735.03	8379.62	9024.2	9668.79	10313.4	10958	11602.5	12247.1	12891.7	
349.1	647.366	1294.73	1942.1	2589.46	3236.83	3884.19	4531.56	5178.92	5826.29	6473.66	7121.02	7768.39	8415.75	9063.12	9710.48	10357.8	11005.2	11652.6	12299.9	12947.3	
350.1	650.149	1300.3	1950.45	2600.6	3250.75	3900.9	4551.04	5201.19	5851.34	6501.49	7151.64	7801.79	8451.94	9102.09	9752.24	10402.4	11052.5	11702.7	12352.8	13003	
351.1	652.937	1305.87	1958.81	2611.75	3264.68	3917.62	4570.56	5223.49	5876.43	6529.37	7182.3	7835.24	8488.18	9141.11	9794.05	10447	11099.9	11752.9	12405.8	13058.7	
352.1	655.728	1311.46	1967.18	2622.91	3278.64	3934.37	4590.1	5245.83	5901.55	6557.28	7213.01	7868.74	8524.47	9180.2	9835.92	10491.7	11147.4	11803.1	12458.8	13114.6	
353.1	658.524	1317.05	1975.57	2634.09	3292.62	3951.14	4609.67	5268.19	5926.71	6585.24	7243.76	7902.28	8560.81	9219.33	9877.86	10536.4	11194.9	11853.4	12512	13170.5	
354.1	661.323	1322.65	1983.97	2645.29	3306.62	3967.94	4629.26	5290.59	5951.91	6613.23	7274.55	7935.88	8597.2	9258.52	9919.85	10581.2	11242.5	11903.8	12565.1	13226.5	
355.1	664.127	1328.25	1992.38	2656.51	3320.63	3984.76	4648.89	5313.01	5977.14	6641.27	7305.39	7969.52	8633.65	9297.77	9961.9	10626	11290.2	11954.3	12618.4	13282.5	
356.1	666.934	1333.87	2000.8	2667.74	3334.67	4001.6	4668.54	5335.47	6002.41	6669.34	7336.27	8003.21	8670.14	9337.08	10004	10670.9	11337.9	12004.8	12671.7	13338.7	
357.1	669.745	1339.49	2009.24	2678.98	3348.73	4018.47	4688.22	5357.96	6027.71	6697.45	7367.2	8036.94	8706.69	9376.43	10046.2	10715.9	11385.7	12055.4	12725.2	13394.9	
358.1	672.56	1345.12	2017.68	2690.24	3362.8	4035.36	4707.92	5380.48	6053.04	6725.6	7398.17	8070.73	8743.29	9415.85	10088.4	10761	11433.5	12106.1	12778.6	13451.2	
359.1	675.38	1350.76	2026.14	2701.52	3376.9	4052.28	4727.66	5403.04	6078.42	6753.8	7429.18	8104.56	8779.94	9455.31	10130.7	10806.1	11481.5	12156.8	12832.2	13507.6	
360.1	678.203	1356.41	2034.61	2712.81	3391.01	4069.22	4747.42	5425.62	6103.82	6782.03	7460.23	8138.43	8816.64	9494.84	10173	10851.2	11529.4	12207.6	12885.9	13564.1	
361.1	681.03	1362.06	2043.09	2724.12	3405.15	4086.18	4767.21	5448.24	6129.27	6810.3	7491.33	8172.36	8853.39	9534.42	10215.4	10896.5	11577.5	12258.5	12939.6	13620.6	
362.1	683.861	1367.72	2051.58	2735.44	3419.3	4103.16	4787.02	5470.89	6154.75	6838.61	7522.47	8206.33	8890.19	9574.05	10257.9	10941.8	11625.6	12309.5	12993.4	13677.2	
363.1	686.696	1373.39	2060.09	2746.78	3433.48	4120.17	4806.87	5493.56	6180.26	6866.96	7553.65	8240.35	8927.04	9613.74	10300.4	10987.1	11673.8	12360.5	13047.2	13733.9	
364.1	689.534	1379.07	2068.6	2758.14	3447.67	4137.21	4826.74	5516.27	6205.81	6895.34	7584.88	8274.41	8963.95	9653.48	10343	11032.5	11722.1	12411.6	13101.2	13790.7	
365.1	692.377	1384.75	2077.13	2769.51	3461.88	4154.26	4846.64	5539.02	6231.39	6923.77	7616.15	8308.52	9000.9	9693.28	10385.7	11078	11770.4	12462.8	13155.2	13847.5	
366.1	695.224	1390.45	2085.67	2780.89	3476.12	4171.34	4866.56	5561.79	6257.01	6952.24	7647.46	8342.68	9037.91	9733.13	10428.4	11123.6	11818.8	12514	13209.2	13904.5	
367.1	698.074	1396.15	2094.22	2792.3	3490.37	4188.44	4886.52	5584.59	6282.67	6980.74	7678.81	8376.89	9074.96	9773.04	10471.1	11169.2	11867.3	12565.3	13263.4	13961.5	
368.1	700.928	1401.86	2102.78	2803.71	3504.64	4205.57	4906.5	5607.43	6308.35	7009.28	7710.21	8411.14	9112.07	9813	10513.9	11214.9	11915.8	12616.7	13317.6	14018.6	
369.1	703.786	1407.57	2111.36	2815.15	3518.93	4222.72	4926.51	5630.29	6334.08	7037.86	7741.65	8445.44	9149.22	9853.01	10556.8	11260.6	11964.4	12668.2	13371.9	14075.7	
370.1	706.649	1413.3	2119.95	2826.59	3533.24	4239.89	4946.54	5653.19	6359.84	7066.49	7773.13	8479.78	9186.43	9893.08	10599.7	11306.4	12013	12719.7	13426.3	14133	
371.1	709.515	1419.03	2128.54	2838.06	3547.57	4257.09	4966.6	5676.12	6385.63	7095.15	7804.66	8514.17	9223.69	9933.2	10642.7	11352.2	12061.7	12771.3	13480.8	14190.3	
372.1	712.384	1424.77	2137.15	2849.54	3561.92	4274.31	4986.69	5699.07	6411.46	7123.84	7836.23	8548.61	9261	9973.38	10685.8	11398.1	12110.5	12822.9	13535.3	14247.7	
373.1	715.258	1430.52	2145.77	2861.03	3576.29	4291.55	5006.81	5722.06	6437.32	7152.58	7867.84	8583.1	9298.35	10013.6	10728.9	11444.1	12159.4	12874.6	13589.9	14305.2	
374.1	718.136	1436.27	2154.41	2872.54	3590.68	4308.81	5026.95	5745.08	6463.22	7181.36	7899.49	8617.63	9335.76	10053.9	10772	11490.2	12208.3	12926.4	13644.6	14362.7	
375.1	721.017	1442.03	2163.05	2884.07	3605.08	4326.1	5047.12	5768.14	6489.15	7210.17	7931.19	8652.2	9373.22	10094.2	10815.3	11536.3	12257.3	12978.3	13699.3	14420.3	
376.1	723.902	1447.8	2171.71	2895.61	3619.51	4343.41	5067.31	5791.22	6515.12	7239.02	7962.92	8686.83	9410.73	10134.6	10858.5	11582.4	12306.3	13030.2	13754.1	14478	
377.1	726.791	1453.58	2180.37	2907.16	3633.96	4360.75	5087.54	5814.33	6541.12	7267.91	7994.7	8721.49	9448.29	10175.1	10901.9	11628.7	12355.5	13082.2	13809	14535.8	
378.1	729.684	1459.37	2189.05	2918.74	3648.42	4378.1	5107.79	5837.47	6567.16	7296.84	8026.52	8756.21	9485.89	10215.6	10945.3	11674.9	12404.6	13134.3	13864	14593.7	
379.1	732.581	1465.16	2197.74	2930.32	3662.9	4395.48	5128.07	5860.65	6593.23	7325.81	8058.39	8790.97	9523.55	10256.1	10988.7	11721.3	12453.9	13186.5	13919	14651.6	
380.1	735.481	1470.96	2206.44	2941.93	3677.41	4412.89	5148.37	5883.85	6619.33	7354.81	8090.29	8825.78	9561.26	10296.7	11032.2	11767.7	12503.2	13238.7	13974.1	14709.6	
381.1	738.386	1476.77	2215.16	2953.54	3691.93	4430.31	5168.7	5907.09	6645.47	7383.86	8122.24	8860.63	9599.01	10337.4	11075.8	11814.2	12552.6	13290.9	14029.3	14767.7	
382.1	741.294	1482.59	2223.88	2965.18	3706.47	4447.76	5189.06	5930.35	6671.64	7412.94	8154.23	8895.53	9636.82	10378.1	11119.4	11860.7	12602	13343.3	14084.6	14825.9	
383.1	744.206	1488.41	2232.62	2976.82	3721.03	4465.24	5209.44	5953.65	6697.85	7442.06	8186.26	8930.47	9674.68	10418.9	11163.1	11907.3	12651.5	13395.7	14139.9	14884.1	
384.1	747.122	1494.24	2241.36	2988.49	3735.61	4482.73	5229.85	5976.97	6724.09	7471.22	8218.34	8965.46	9712.58	10459.7	11206.8	11953.9	12701.1	13448.2	14195.3	14942.4	
385.1	750.041	1500.08	2250.12	3000.16	3750.21	4500.25	5250.29	6000.33	6750.37	7500.41	8250.45	9000.49	9750.54	10500.6	11250.6	12000.7	12750.7	13500.7	14250.8	15000.8	
386.1	752.965	1505.93	2258.89	3011.86	3764.82	4517.79	5270.75	6023.72	6776.68	7529.65	8282.61	9035.58	9788.54	10541.5	11294.5	12047.4	12800.4	13553.4	14306.3	15059.3	
387.1	755.892	1511.78	2267.68	3023.57	3779.46	4535.35	5291.24	6047.13	6803.03	7558.92	8314.81	9070.7	9826.59	10582.5	11338.4	12094.3	12850.2	13606.1	14361.9	15117.8	
388.1	758.823	1517.65	2276.47	3035.29	3794.11	4552.94	5311.76	6070.58	6829.4	7588.23	8347.05	9105.87	9864.7	10623.5	11382.3	12141.2	12900	13658.8	14417.6	15176.5	
389.1	761.757	1523.51	2285.27	3047.03	3808.79	4570.54	5332.3	6094.06	6855.82	7617.57	8379.33	9141.09	9902.85	10664.6	11426.4	12188.1	12949.9	13711.6	14473.4	15235.1	
390.1	764.696	1529.39	2294.09	3058.78	3823.48	4588.18	5352.87	6117.57	6882.26	7646.96	8411.66	9176.35	9941.05	10705.7	11470.4	12235.1	12999.8	13764.5	14529.2	15293.9	
391.1	767.638	1535.28	2302.91	3070.55	3838.19	4605.83	5373.47	6141.11	6908.74	7676.38	8444.02	9211.66	9979.3	10746.9	11514.6	12282.2	13049.8	13817.5	14585.1	15352.8	
392.1	770.584	1541.17	2311.75	3082.34	3852.92	4623.51	5394.09	6164.67	6935.26	7705.84	8476.43	9247.01	10017.6	10788.2	11558.8	12329.3	13099.9	13870.5	14641.1	15411.7	
393.1	773.534	1547.07	2320.6	3094.14	3867.67	4641.2	5414.74	6188.27	6961.81	7735.34	8508.87	9282.41	10055.9	10829.5	11603	12376.5	13150.1	13923.6	14697.1	15470.7	
394.1	776.488	1552.98	2329.46	3105.95	3882.44	4658.93	5435.41	6211.9	6988.39	7764.88	8541.36	9317.85	10094.3	10870.8	11647.3	12423.8	13200.3	13976.8	14753.3	15529.8	
395.1	779.445	1558.89	2338.33	3117.78	3897.22	4676.67	5456.11	6235.56	7015	7794.45	8573.89	9353.34	10132.8	10912.2	11691.7	12471.1	13250.6	14030	14809.5	15588.9	
396.1	782.406	1564.81	2347.22	3129.62	3912.03	4694.44	5476.84	6259.25	7041.65	7824.06	8606.46	9388.87	10171.3	10953.7	11736.1	12518.5	13300.9	14083.3	14865.7	15648.1	
397.1	785.371	1570.74	2356.11	3141.48	3926.85	4712.22	5497.59	6282.97	7068.34	7853.71	8639.08	9424.45	10209.8	10995.2	11780.6	12565.9	13351.3	14136.7	14922	15707.4	
398.1	788.339	1576.68	2365.02	3153.36	3941.7	4730.04	5518.37	6306.71	7095.05	7883.39	8671.73	9460.07	10248.4	11036.7	11825.1	12613.4	13401.8	14190.1	14978.4	15766.8	
399.1	791.311	1582.62	2373.93	3165.25	3956.56	4747.87	5539.18	6330.49	7121.8	7913.11	8704.43	9495.74	10287	11078.4	11869.7	12661	13452.3	14243.6	15034.9	15826.2	
