0	0	0	170000	4000	-0.261799	0	0	0	0	0	0	0	0	0	0	1.43495	0	0	0	0	0	56	0	0	0	0	0	0	3000	0	inf	7727.41
2	8.2691e-08	0.00217219	167931	4001.74	-0.261256	7.61965e-05	7.00427e-11	0	0	0	3.39403	-3.99934e-05	3.39403	197.051	14.396	1.43161	273.914	3.78056e-06	1.82276	0.364552	81.889	3	0.000560831	0	0	1.44503	1.47767	0.0889271	3000	0	109.724	15459.3
4	3.31676e-07	0.0043469	165865	4003.49	-0.260712	0.000152844	8.65908e-11	0	0	0	3.39798	-7.93806e-05	3.39798	196.561	14.53	1.42844	270.388	4.60211e-06	1.82217	0.364434	91.1691	3	0.000693935	0	0	1.44559	1.47767	0.088843	3000	0	109.759	23195.7
6	7.48329e-07	0.00652414	163803	4005.23	-0.260167	0.000229945	1.03112e-10	0	0	0	3.40194	-0.000118995	3.40194	196.072	14.6663	1.42529	266.868	5.39538e-06	1.82158	0.364316	99.617	3	0.000827057	0	0	1.44615	1.47767	0.0887581	3000	0	109.795	30936.6
8	1.33403e-06	0.00870391	161744	4006.97	-0.259621	0.000307498	1.19798e-10	0	0	0	3.40589	-0.000158836	3.40589	195.578	14.8051	1.42214	263.357	6.17038e-06	1.82099	0.364197	107.515	3	0.000961723	0	0	1.44673	1.48244	0.0886723	3000	0	109.831	38682
10	2.09017e-06	0.0108862	159689	4008.71	-0.259074	0.000385506	1.55114e-10	0	0	0	3.40985	-0.000198904	3.40985	194.548	14.9533	1.41973	260.196	7.85196e-06	1.82034	0.364069	122.499	3	0.00124632	0	0	1.44734	1.48764	0.0885858	3000	0	109.869	46431.8
12	3.01814e-06	0.013071	157636	4010.44	-0.258526	0.000463968	1.90372e-10	0	0	0	3.4138	-0.000239198	3.4138	193.521	15.1041	1.41731	257.041	9.46961e-06	1.8197	0.36394	135.886	3	0.00153094	0	0	1.44797	1.49284	0.0884984	3000	0	109.908	54186.1
14	4.11936e-06	0.0152584	155587	4012.18	-0.257976	0.000542886	2.25572e-10	0	0	0	3.41776	-0.000279719	3.41776	192.495	15.2575	1.41491	253.891	1.10243e-05	1.81906	0.363812	148.108	3	0.00181558	0	0	1.44861	1.49805	0.0884101	3000	0	109.947	61945
16	5.39522e-06	0.0174482	153542	4013.91	-0.257426	0.00062226	2.79761e-10	0	0	0	3.42172	-0.000320467	3.42172	191.208	15.4184	1.41281	250.879	1.34202e-05	1.81839	0.363678	165.156	3	0.00225369	0	0	1.44927	1.50109	0.0883211	3000	0	109.988	69708.3
18	6.84716e-06	0.0196406	151500	4015.64	-0.256874	0.000702092	3.5955e-10	0	0	0	3.42567	-0.00036144	3.42567	189.571	15.5888	1.41115	248.052	1.69073e-05	1.44998	0.289996	187.474	2	0.00289894	0	0	1.44998	1.50377	0.0882311	3000	0	137.933	77476
20	8.47661e-06	0.0218356	149461	4017.37	-0.256321	0.000782382	4.39206e-10	0	0	0	3.42963	-0.00040264	3.42963	187.936	15.7623	1.40948	245.231	2.0242e-05	1.4507	0.29014	207.47	2	0.00354423	0	0	1.4507	1.50731	0.0881404	3000	0	137.865	85248.3
22	1.0285e-05	0.024033	147426	4019.1	-0.255768	0.000863131	5.18728e-10	0	0	0	3.43358	-0.000444065	3.43358	186.304	15.9392	1.40782	242.414	2.34271e-05	1.45143	0.290286	225.763	2	0.00418955	0	0	1.45143	1.51363	0.0880487	3000	0	137.795	93025
24	1.22738e-05	0.026233	145394	4020.82	-0.255213	0.00094434	6.93042e-10	0	0	0	3.43754	-0.000485716	3.43754	183.862	16.1419	1.40705	239.839	3.05613e-05	1.45227	0.290454	261.289	2	0.00560222	0	0	1.45227	1.51995	0.0879563	3000	0	137.715	100806
26	1.44444e-05	0.0284355	143366	4022.55	-0.254657	0.00102601	8.8794e-10	0	0	0	3.4415	-0.000527592	3.4415	181.246	16.3542	1.40649	237.321	3.81934e-05	1.45315	0.29063	296.136	2	0.00718383	0	0	1.45315	1.52627	0.087863	3000	0	137.632	108592
28	1.67983e-05	0.0306406	141341	4024.27	-0.2541	0.00110814	1.0825e-09	0	0	0	3.44545	-0.000569693	3.44545	178.634	16.5717	1.40593	234.807	4.54053e-05	1.45387	0.290775	327.395	2	0.00876544	0	0	1.45387	1.52697	0.0877688	3000	0	137.563	116382
30	1.93369e-05	0.0328481	139319	4025.99	-0.253541	0.00119074	1.34022e-09	0	0	0	3.44941	-0.000612019	3.44941	175.708	16.8057	1.40573	232.347	5.47146e-05	1.45426	0.290852	364.755	2	0.0108615	0	0	1.45426	1.52697	0.0876737	3000	0	137.527	124176
32	2.20619e-05	0.0350582	137301	4027.71	-0.252982	0.0012738	1.86531e-09	0	0	0	3.45336	-0.00065457	3.45336	171.44	17.0957	1.40707	230.099	7.35832e-05	1.45469	0.290937	430.87	2	0.0151299	0	0	1.45469	1.52697	0.0875778	3000	0	137.487	131975
34	2.49745e-05	0.0372708	135287	4029.43	-0.252422	0.00135732	2.38949e-09	0	0	0	3.45732	-0.000697344	3.45732	167.179	17.3964	1.4084	227.856	9.10223e-05	1.45501	0.291002	488.29	2	0.0193982	0	0	1.45501	1.52697	0.0874811	3000	0	137.456	139779
36	2.80764e-05	0.039486	133276	4031.14	-0.25186	0.00144131	2.91276e-09	0	0	0	3.46127	-0.000740343	3.46127	162.926	17.7084	1.40974	225.616	0.000107069	1.45534	0.291069	539.799	2	0.0236663	0	0	1.45534	1.52697	0.0873835	3000	0	137.425	147587
38	3.13691e-05	0.0417037	131268	4032.85	-0.251298	0.00152576	4.02776e-09	0	0	0	3.46522	-0.000783565	3.46522	157.613	18.0784	1.41276	223.483	0.000141873	1.45574	0.291148	635.572	2	0.0327535	0	0	1.45574	1.52697	0.087285	3000	0	137.387	155399
40	3.4854e-05	0.0439238	129265	4034.56	-0.250734	0.00161068	5.6442e-09	-1	0	0	3.46918	-0.00082701	3.46918	151.403	18.509	1.41722	221.44	0.000189231	1.4562	0.291241	753.332	2	0.0459373	0	0	1.4562	1.52697	0.0871799	3000	0	137.344	163216
42	3.85326e-05	0.0461466	127264	4036.27	-0.250169	0.00169607	7.25777e-09	-1	0	0	3.47313	-0.000870678	3.47313	145.204	18.9659	1.42167	219.402	0.000231218	1.45669	0.291339	855.34	2	0.0591199	0	0	1.45669	1.52702	0.0870514	3000	0	137.297	171037
44	4.24066e-05	0.0483718	125268	4037.98	-0.249603	0.00178193	8.86846e-09	-1	0	0	3.47708	-0.000914568	3.47708	139.015	19.4518	1.4261	217.367	0.000267981	1.45721	0.291443	946.698	2	0.0723013	0	0	1.45721	1.5307	0.0869502	3000	0	137.248	178863
46	4.64774e-05	0.0505996	123275	4039.68	-0.249036	0.00186826	1.33437e-08	-2	0	0	3.48103	-0.00095868	3.48103	133.476	19.9052	1.43198	215.487	0.000383796	1.45764	0.291527	1162.72	2	0.108878	0	0	1.45764	1.52784	0.0868426	3000	0	137.208	186693
48	5.07467e-05	0.0528299	121285	4041.38	-0.248468	0.00195507	1.82547e-08	-3	0	0	3.48498	-0.00100301	3.48498	128.045	20.3761	1.43807	213.634	0.000499356	1.45793	0.291586	1361.67	2	0.149075	0	0	1.45793	1.45707	0.0867057	3000	0	137.181	194528
50	5.52159e-05	0.0550627	119299	4043.08	-0.247899	0.00204234	2.31569e-08	-4	0	0	3.48893	-0.00104757	3.48893	122.625	20.8771	1.44415	211.785	0.000601384	1.4582	0.291641	1535.58	2	0.189267	0	0	1.4582	1.38739	0.086568	3000	0	137.155	202367
52	5.98866e-05	0.0572981	117317	4044.78	-0.247329	0.00183668	2.9435e-08	-5	0	1	3.49288	-0.00109234	3.49288	118.035	21.3411	1.44929	209.985	0.000729563	1.45846	0.291691	1733.45	2	0.240781	0	0	1.45846	1.38609	0.0864294	3000	0	137.131	210210
54	6.21297e-05	0.0595359	115338	4046.47	-0.246758	0.000165271	4.2619e-08	-7	0	1	3.49683	-0.00113734	3.49683	117.555	21.4702	1.44976	208.422	0.00104421	1.45853	0.291705	2088.46	1	0.348919	0	0	1.45853	1.38652	0.0862616	3000	0	137.125	218058
56	6.06265e-05	0.0617763	113363	4048.16	-0.246186	-0.00150394	5.57786e-08	-9	0	1	3.50078	-0.00118255	3.50078	117.077	21.6006	1.45022	206.861	0.00135088	1.4586	0.29172	2392.22	1	0.457038	0	0	1.4586	1.39389	0.0860874	3000	0	137.118	225910
58	5.4057e-05	0.0640192	111392	4049.84	-0.245614	-0.00463386	6.89138e-08	-12	0	2	3.50472	-0.00122799	3.50472	116.599	21.7323	1.45069	205.304	0.00164967	1.45867	0.291734	2662.34	1	0.565135	0	0	1.45867	1.40017	0.0858842	3000	0	137.111	233767
60	3.97819e-05	0.0662646	109424	4051.52	-0.245042	-0.00834482	9.03887e-08	-16	0	3	3.50867	-0.00127364	3.50867	117.343	21.7609	1.44913	203.855	0.00216218	1.45869	0.291737	3052.87	1	0.741858	0	0	1.45869	1.40017	0.0856917	3000	0	137.11	241628
62	1.51582e-05	0.0685124	107460	4053.2	-0.24447	-0.0138035	1.22364e-07	-21	0	4	3.51261	-0.00131951	3.51261	119.623	21.6619	1.44502	202.541	0.00296471	1.45863	0.291726	3556.45	1	1.00512	0	0	1.45863	1.40017	0.0853968	3000	0	137.115	249493
64	-2.37783e-05	0.0707625	105500	4054.87	-0.243899	-0.0210065	1.54279e-07	-27	0	5	3.51655	-0.00136559	3.51655	121.899	21.568	1.44092	201.23	0.00378445	1.45858	0.291716	3998.35	1	1.26833	0	0	1.45858	1.40754	0.0851129	3000	0	137.12	257363
66	-8.23132e-05	0.0730147	103544	4056.53	-0.243329	-0.0311155	1.86135e-07	-33	1	6	3.5205	-0.00141188	3.5205	124.171	21.4789	1.43683	199.922	0.0046207	1.45853	0.291706	4397.18	1	1.53146	0	0	1.45853	1.41313	0.0848005	3000	0	137.124	265237
68	-0.000165738	0.0752686	101591	4058.19	-0.242761	-0.0435426	2.58163e-07	-46	1	9	3.52444	-0.00145837	3.52444	126.208	21.4048	1.43305	198.744	0.00647552	1.45849	0.291698	5184.89	1	2.12583	0	0	1.45849	1.40048	0.0844033	3000	0	137.128	273115
70	-0.000283291	0.0775235	99641.5	4059.83	-0.242196	-0.0611906	3.47978e-07	-62	2	12	3.52838	-0.00150504	3.52838	128.137	21.3388	1.42941	197.626	0.00881197	1.45846	0.291691	6026.93	1	2.86773	0	0	1.45846	1.38538	0.0837687	3000	0	137.131	280998
72	-0.000446831	0.079778	97696	4061.46	-0.241636	-0.0840496	4.37626e-07	-78	3	15	3.53232	-0.00155188	3.53232	130.063	21.2758	1.42578	196.511	0.0111852	1.45842	0.291684	6766.98	1	3.60942	0	0	1.45842	1.36691	0.0831181	3000	0	137.135	288885
74	-0.00066948	0.08203	95754	4063.08	-0.241082	-0.11327	5.27106e-07	-95	4	18	3.53625	-0.00159882	3.53625	131.986	21.2158	1.42215	195.397	0.0135939	1.45839	0.291678	7435.52	1	4.3509	0	0	1.45839	1.31216	0.0824409	3000	0	137.138	296776
76	-0.000965566	0.0842759	93815.7	4064.68	-0.240535	-0.14942	7.59894e-07	-137	13	23	3.54019	-0.00164582	3.54019	131.921	21.2735	1.42151	194.677	0.0195155	1.45842	0.291684	8938.21	1	6.27734	0	0	1.45842	1.03817	0.0813696	3000	0	137.135	304671
78	-0.00134661	0.0865116	91880.8	4066.24	-0.239995	-0.184673	1.00566e-06	-181	32	15	3.54412	-0.0016928	3.54413	131.671	21.342	1.42114	193.994	0.0256878	1.45846	0.291691	10294.4	1	8.31393	0	0	1.45846	0.443256	0.0797858	3000	0	137.131	312571
80	-0.00176566	0.0887431	89949.5	4067.78	-0.239457	-0.175948	1.25097e-06	-226	41	-17	3.54806	-0.00173988	3.54806	131.421	21.4107	1.42077	193.313	0.0317814	1.45849	0.291699	11494.5	1	10.3498	0	0	1.45849	-0.388738	0.0781628	3000	0	137.128	320474
82	-0.00210704	0.0909897	88021.8	4069.28	-0.238908	-0.116094	1.53678e-06	-278	30	-46	3.55199	-0.00178737	3.55199	131.437	21.4585	1.42005	192.67	0.0389174	1.45852	0.291704	12754.2	1	12.7238	0	0	1.45852	-0.994281	0.0765123	3000	0	137.125	328381
84	-0.00226252	0.0932584	86097.7	4070.72	-0.238337	-0.0129876	2.15015e-06	-389	30	-71	3.55593	-0.00183545	3.55593	133.578	21.3394	1.41651	192.32	0.0552366	1.45846	0.291691	15102.3	1	17.8148	0	0	1.45846	-1.16291	0.0735293	3000	0	137.131	336293
86	-0.00213853	0.0955306	84177.7	4072.09	-0.237729	0.126967	2.76224e-06	-500	43	-90	3.55986	-0.00188377	3.55986	135.714	21.2236	1.41298	191.971	0.0719651	1.45839	0.291678	17134.8	1	22.9016	0	0	1.45839	-1.12611	0.0696375	3000	0	137.137	344208
88	-0.00166156	0.0977575	82262	4073.38	-0.237074	0.298255	3.37295e-06	-612	57	-108	3.56378	-0.00193136	3.56378	137.846	21.1111	1.40945	191.622	0.0890941	1.45833	0.291666	18952.4	1	27.9826	0	0	1.45833	-1.08446	0.0657325	3000	0	137.143	352127
90	-0.000777891	0.0998592	80351.2	4074.58	-0.236366	0.50114	4.23591e-06	-769	78	-132	3.56771	-0.00197666	3.56771	140.051	20.9922	1.40596	191.334	0.113508	1.45827	0.291653	21257.8	1	35.1629	0	0	1.45827	-1.03155	0.0615624	3000	0	137.149	360049
92	0.000565861	0.101703	78445.6	4075.63	-0.235597	0.765256	5.75382e-06	-1045	116	-173	3.57163	-0.00201699	3.57163	142.455	20.8519	1.40258	191.202	0.15672	1.45819	0.291638	24794.8	1	47.7878	0	0	1.45819	-0.978632	0.0535436	3000	0	137.156	367975
94	0.00239406	0.103072	76546	4076.5	-0.23476	1.09664	7.26702e-06	-1320	159	-210	3.57555	-0.00204821	3.57555	144.851	20.7151	1.39922	191.07	0.201127	1.45811	0.291623	27882.8	1	60.3811	0	0	1.45811	-0.920425	0.0440675	3000	0	137.163	375905
96	0.00458922	0.103708	74652.9	4077.18	-0.233871	1.47776	8.77505e-06	-1595	239	-210	3.57946	-0.00206513	3.57946	147.239	20.5817	1.39586	190.939	0.246698	1.45804	0.291608	30654.9	1	72.9355	0	0	1.45804	-0.72161	0.0346325	3000	0	137.17	383837
98	0.00687489	0.103531	72766.6	4077.66	-0.232953	1.80998	1.1067e-05	-2012	361	-176	3.58338	-0.00206647	3.58338	149.21	20.4729	1.39314	190.843	0.315141	1.45798	0.291596	34438.4	1	92.008	0	0	1.45798	-0.454117	0.0244165	3000	0	137.176	391772
100	0.00905624	0.102801	70887.6	4077.75	-0.232022	1.90054	1.45086e-05	-2637	517	102	3.58728	-0.00205778	3.58728	150.574	20.3957	1.39134	190.801	0.416825	1.45794	0.291588	39434.1	1	120.625	0	0	1.45794	0.195321	0.00492913	3000	0	137.18	399709
102	0.0113128	0.10246	69016.1	4077.43	-0.231073	1.43257	1.79364e-05	-3260	441	480	3.59118	-0.00205609	3.59118	151.932	20.3181	1.38956	190.758	0.519836	1.4579	0.291579	43835.2	1	149.1	0	0	1.4579	0.828115	-0.0165925	3000	0	137.184	407647
104	0.0131089	0.103733	67152.2	4076.68	-0.2302	0.416812	2.13504e-05	-3879	412	657	3.59506	-0.00208618	3.59506	153.285	20.2397	1.38778	190.715	0.624152	1.45785	0.291571	47798.9	1	177.414	0	0	1.45785	1.01066	-0.0381901	3000	0	137.188	415585
106	0.0127276	0.10586	65294.7	4075.47	-0.229584	-0.812561	2.65859e-05	-4828	540	799	3.59892	-0.00213292	3.59892	153.982	20.1964	1.38684	190.685	0.780618	1.45783	0.291566	53291.3	1	220.793	0	0	1.45783	0.976179	-0.0613847	3000	0	137.19	423523
108	0.01064	0.105885	63441.9	4073.45	-0.229151	-2.36658	3.38301e-05	-6137	725	990	3.60279	-0.00213403	3.60279	153.96	20.1887	1.38683	190.668	0.99309	1.45783	0.291565	60025.3	1	280.671	0	0	1.45783	0.9387	-0.103252	3000	0	137.191	431457
110	0.0109045	0.103919	61594.6	4070.56	-0.228402	-4.24332	4.10518e-05	-7437	920	1168	3.60668	-0.00209487	3.60668	153.938	20.1768	1.38682	190.651	1.2048	1.45782	0.291564	65981.8	1	340.103	0	0	1.45782	0.903751	-0.147361	3000	0	137.191	439386
112	0.0124675	0.104974	59756	4066.79	-0.227468	-6.44008	4.82421e-05	-8723	1106	1349	3.61052	-0.00213236	3.61052	153.915	20.1606	1.38681	190.634	1.41549	1.45781	0.291562	71328.7	1	398.932	0	0	1.45781	0.884052	-0.192057	3000	0	137.192	447310
114	0.0107267	0.105303	57925	4062.1	-0.22691	-8.99376	5.87597e-05	-10601	1352	1632	3.61437	-0.00213787	3.61437	152.774	20.2036	1.38821	190.614	1.71113	1.45783	0.291567	78449.1	1	484.804	0	0	1.45783	0.87893	-0.238984	3000	0	137.19	455226
116	0.0120599	0.104605	56102.4	4055.83	-0.225931	-12.2046	7.2689e-05	-13074	1668	2013	3.61821	-0.00212428	3.61821	150.482	20.3054	1.39106	190.592	2.08477	1.45789	0.291578	86849.6	1	597.857	0	0	1.45789	0.87893	-0.319843	3000	0	137.185	463132
118	0.0108175	0.104714	54289.7	4047.91	-0.225224	-16.1079	8.6555e-05	-15507	1978	2388	3.62203	-0.00213165	3.62203	148.201	20.4015	1.3939	190.571	2.44455	1.45794	0.291589	94218	1	709.127	0	0	1.45794	0.87893	-0.403557	3000	0	137.18	471023
120	0.011373	0.105569	52487.9	4038.38	-0.224253	-20.6991	0.000100327	-17891	2294	2745	3.62582	-0.00218074	3.62582	145.935	20.4913	1.39672	190.549	2.78986	1.45799	0.291598	100722	1	818.088	0	0	1.45799	0.874621	-0.485795	3000	0	137.175	478898
122	0.0121728	0.105251	50698.2	4027.14	-0.223206	-26.0255	0.000120834	-21430	2764	3275	3.62961	-0.00215047	3.62961	144.534	20.5217	1.39848	190.532	3.32757	1.45801	0.291602	109617	1	979.895	0	0	1.45801	0.869696	-0.572801	3000	0	137.173	486752
124	0.0126922	0.104675	48922.7	4012.77	-0.222101	-32.6984	0.000150122	-26432	3437	4016	3.63338	-0.00213756	3.63338	144.257	20.4651	1.39888	190.522	4.12597	1.45798	0.291596	120879	1	1208.66	0	0	1.45798	0.862945	-0.732193	3000	0	137.176	494580
126	0.0135915	0.104947	47163.4	3995.12	-0.220809	-40.3502	0.000179134	-31263	4672	4155	3.6371	-0.0021701	3.6371	143.982	20.3921	1.39927	190.512	4.91372	1.45794	0.291588	130309	1	1429.58	0	0	1.45794	0.726913	-0.899855	3000	0	137.18	502377
128	0.013401	0.105745	45422.9	3974.3	-0.219399	-46.9899	0.000207854	-35897	6945	1817	3.64079	-0.00220738	3.64079	143.71	20.3027	1.39966	190.503	5.69044	1.45789	0.291578	138183	1	1641.53	0	0	1.45789	0.255865	-1.0612	3000	0	137.185	510135
130	0.0134306	0.104516	43704.8	3950.31	-0.217707	-45.2153	0.000244289	-41683	6154	-5623	3.64446	-0.00214245	3.64446	143.762	20.1781	1.39962	190.494	6.69006	1.45782	0.291564	147109	1	1906.2	0	0	1.45782	-0.740388	-1.22277	3000	0	137.191	517849
132	0.0118679	0.10527	42009.4	3920.81	-0.216401	-31.5441	0.000305705	-51378	6309	-8110	3.64806	-0.00219669	3.64806	144.819	19.9634	1.39826	190.49	8.43335	1.45769	0.291538	160907	1	2349.77	0	0	1.45769	-0.909628	-1.5033	3000	0	137.203	525508
134	0.0126069	0.105103	40339.4	3885.06	-0.214749	-13.1979	0.000366135	-60408	7331	-9603	3.65164	-0.0021385	3.65164	145.858	19.7205	1.39691	190.486	10.1727	1.45747	0.291494	171321	1	2763.19	0	0	1.45747	-0.91875	-1.82204	3000	0	137.224	533099
136	0.0120487	0.103931	38698.1	3843.53	-0.21309	8.70554	0.000425556	-68707	8498	-10798	3.65515	-0.00215349	3.65515	146.88	19.451	1.39559	190.482	11.9063	1.45721	0.291443	178840	1	3143.32	0	0	1.45721	-0.904002	-2.117	3000	0	137.248	540612
138	0.0130654	0.104278	37090.7	3796.71	-0.210768	30.5261	0.00048374	-76193	12100	-9262	3.65857	-0.00219932	3.65857	147.881	19.158	1.3943	190.478	13.6261	1.4569	0.29138	183790	1	3486.55	0	0	1.4569	-0.653334	-2.38635	3000	0	137.278	548038
140	0.0127899	0.103596	35522.6	3742.97	-0.208007	50.2984	0.000592322	-90658	16344	-7848	3.66195	-0.00213641	3.66195	150.399	18.7496	1.3913	190.477	16.9686	1.45646	0.291292	194861	1	4149.73	0	0	1.45646	-0.447677	-2.73884	3000	0	137.319	555362
142	0.012492	0.102828	34001.4	3679.1	-0.204616	70.4573	0.000710863	-105071	19456	-7939	3.66522	-0.00212725	3.66522	153.235	18.2793	1.38794	190.476	20.7485	1.45596	0.291191	202728	1	4811.12	0	0	1.45596	-0.387417	-3.2555	3000	0	137.367	562567
144	0.0122816	0.104367	32534.7	3606.35	-0.200717	93.0468	0.000825224	-117156	22115	-7740	3.66836	-0.00219321	3.66836	155.971	17.7808	1.3847	190.476	24.5164	1.45542	0.291084	205725	1	5366.43	0	0	1.45542	-0.33666	-3.70776	3000	0	137.417	569635
146	0.0109225	0.103346	31126.6	3526.33	-0.196501	115.993	0.000934899	-126853	24510	-6551	3.67139	-0.00215889	3.6714	158.595	17.2613	1.38159	190.475	28.2418	1.45486	0.290973	204714	1	5812.83	0	0	1.45486	-0.261185	-4.07859	3000	0	137.47	576552
148	0.0119859	0.103605	29783.1	3440.58	-0.191532	137.216	0.00103958	-134212	26405	-4826	3.67428	-0.0021905	3.67428	161.099	16.7281	1.37862	190.474	31.8999	1.45413	0.290827	200503	1	6153.16	0	0	1.45413	-0.180794	-4.37035	3000	0	137.539	583307
150	0.0125884	0.103162	28507.9	3348.53	-0.186161	154.55	0.00120954	-147771	29392	-3092	3.67703	-0.00218641	3.67703	163.55	16.1754	1.37601	190.475	37.6797	1.45241	0.290482	199373	1	6782.82	0	0	1.45241	-0.104837	-4.69191	3000	0	137.702	589889
152	0.011003	0.103388	27304.9	3246.95	-0.180459	168.798	0.00139737	-160212	31988	-1856	3.67964	-0.00216813	3.67964	165.89	15.5854	1.37362	190.477	44.1546	1.44996	0.289993	195379	1	7366.28	0	0	1.44996	-0.0579613	-5.17741	3000	0	137.934	596277
154	0.0107485	0.103851	26178.5	3138.51	-0.174057	186.354	0.00157333	-168246	33574	-2246	3.68207	-0.0021851	3.68207	168.083	14.9784	1.37139	190.478	50.372	1.44745	0.28949	187231	1	7749.11	0	0	1.44745	-0.0668211	-5.52664	3000	0	138.174	602459
156	0.00927375	0.103185	25130.5	3026.03	-0.167493	228.859	0.00173685	-172353	34372	-2606	3.68433	-0.00218267	3.68433	170.121	14.3656	1.36931	190.479	56.2817	1.44491	0.288982	176318	1	7952.24	0	0	1.44491	-0.075681	-5.73311	3000	0	138.417	608427
158	0.00947421	0.103059	24161.1	2911.88	-0.160438	626.147	0.00188828	-173205	34494	-3186	3.68643	-0.00220904	3.68643	172.008	13.7573	1.36738	190.48	61.8678	1.44239	0.288477	163813	1	8005.51	0	0	1.44239	-0.0921237	-5.81822	3000	0	138.659	614176
160	0.00990049	0.101846	23268.9	2798.02	-0.153236	553.456	0.00202747	-171484	34077	-3874	3.68838	-0.00214586	3.68838	173.743	13.1616	1.36561	190.481	67.0985	1.44046	0.288092	150600	1	7936.55	0	0	1.44046	-0.113214	-5.80335	3000	0	138.844	619706
162	0.0109849	0.101351	22451.7	2685.9	-0.145903	517.356	0.00215512	-167890	33333	-4044	3.69015	-0.0021512	3.69015	175.334	12.5842	1.36399	190.482	71.9766	1.43983	0.287965	137341	1	7773.65	0	0	1.43983	-0.120744	-5.7145	3000	0	138.906	625021
164	0.0116696	0.100998	21705.5	2576.29	-0.138668	492.886	0.00231518	-165948	32919	-4222	3.69178	-0.00211969	3.69178	176.721	12.0306	1.36266	190.484	77.9347	1.43952	0.287905	125624	1	7685.34	0	0	1.43952	-0.12756	-5.58669	3000	0	138.935	630124
166	0.0111683	0.100981	21026.1	2466.97	-0.131513	473.646	0.00250496	-164560	32615	-4409	3.69324	-0.00216829	3.69324	177.918	11.4842	1.3616	190.487	84.8954	1.43922	0.287845	114733	1	7622.66	0	0	1.43922	-0.134377	-5.57159	3000	0	138.964	635015
168	0.0115756	0.101749	20410.9	2359.34	-0.124135	458.07	0.00267676	-160804	31874	-4284	3.69458	-0.0021607	3.69458	179.002	10.9537	1.36063	190.489	91.2718	1.43893	0.287787	103746	1	7450.17	0	0	1.43893	-0.13361	-5.48583	3000	0	138.992	639698
170	0.0106795	0.102652	19855.7	2254.76	-0.117083	445.581	0.00283179	-155339	30799	-4073	3.69578	-0.0021843	3.69578	179.98	10.4429	1.35976	190.491	97.0866	1.43866	0.287731	93138.6	1	7198.36	0	0	1.43866	-0.131504	-5.33006	3000	0	139.019	644176
172	0.0110963	0.103546	19356.3	2154.18	-0.1099	435.368	0.00297122	-148742	29499	-3838	3.69686	-0.00220161	3.69686	180.859	9.95552	1.35898	190.493	102.366	1.43839	0.287678	83197.6	1	6893.94	0	0	1.43839	-0.129399	-5.12648	3000	0	139.045	648459
174	0.0108168	0.102991	18908.7	2058.2	-0.103096	426.982	0.00309629	-141473	28098	-3329	3.69784	-0.00218132	3.69784	181.648	9.49369	1.35828	190.495	107.141	1.43813	0.287625	74076.8	1	6558.22	0	0	1.43813	-0.117938	-4.89187	3000	0	139.07	652553
176	0.0110765	0.102696	18507.9	1967.15	-0.0964303	420.88	0.00320812	-133875	26648	-2601	3.69872	-0.00216544	3.69872	182.354	9.05813	1.35765	190.497	111.443	1.43788	0.287576	65831.1	1	6207.1	0	0	1.43788	-0.0973065	-4.64108	3000	0	139.094	656469
178	0.0107508	0.102266	18149.2	1881.14	-0.0902195	416.614	0.00330836	-126228	25171	-1933	3.6995	-0.00217027	3.6995	182.986	8.64883	1.35709	190.498	115.324	1.43765	0.287529	58460.5	1	5853.5	0	0	1.43765	-0.0766752	-4.38381	3000	0	139.116	660216
180	0.0110246	0.102977	17828.8	1800.14	-0.0842106	413.774	0.00339789	-118702	23703	-1329	3.70019	-0.00219595	3.70019	183.551	8.26518	1.35659	190.5	118.812	1.43743	0.287486	51918.1	1	5505.32	0	0	1.43743	-0.0560445	-4.12829	3000	0	139.137	663804
182	0.0101543	0.102716	17541.9	1724.05	-0.0788881	412.053	0.00347799	-111430	22272	-789	3.70082	-0.00218761	3.70082	184.056	7.90621	1.35614	190.501	121.948	1.43723	0.287445	46143.2	1	5168.76	0	0	1.43723	-0.0354138	-3.87829	3000	0	139.157	667241
184	0.0101347	0.101761	17284.5	1652.66	-0.0737357	411.213	0.00354984	-104494	20896	-312	3.70138	-0.00216643	3.70138	184.509	7.57063	1.35574	190.502	124.774	1.43704	0.287407	41063	1	4847.69	0	0	1.43704	-0.0149379	-3.63848	3000	0	139.175	670537
186	0.010555	0.100914	17053.9	1585.73	-0.0688713	411.069	0.00361426	-97936	19587	107	3.70189	-0.00214933	3.70189	184.916	7.25702	1.35538	190.503	127.319	1.43686	0.287372	36601.4	1	4544.03	0	0	1.43686	0.00547936	-3.41105	3000	0	139.193	673701
188	0.0108391	0.100057	16846.9	1523.02	-0.0644726	411.477	0.00367208	-91780	18349	475	3.70235	-0.00213195	3.70235	185.28	6.96395	1.35505	190.504	129.612	1.43673	0.287347	32686.3	1	4258.74	0	0	1.43673	0.0258966	-3.19667	3000	0	139.205	676741
190	0.0105786	0.0992486	16660.2	1464.23	-0.0606785	412.297	0.00372422	-86045	17194	718	3.70276	-0.00211552	3.70276	185.609	6.68992	1.35476	190.504	131.686	1.43689	0.287377	29251.1	1	3992.22	0	0	1.43689	0.04178	-2.99622	3000	0	139.19	679664
192	0.00981221	0.0989904	16490.7	1409.1	-0.0574896	413.327	0.00377156	-80710	16117	885	3.70313	-0.0021109	3.70313	185.908	6.4335	1.35449	190.505	133.575	1.43704	0.287408	26235.3	1	3744.28	0	0	1.43704	0.0548846	-2.8097	3000	0	139.175	682478
194	0.00926947	0.0995311	16335.7	1357.38	-0.054664	414.481	0.00381483	-75761	15127	859	3.70347	-0.00212348	3.70347	186.181	6.19333	1.35425	190.506	135.306	1.43721	0.287441	23584.9	1	3514.28	0	0	1.43721	0.0567854	-2.63652	3000	0	139.159	685188
196	0.00946918	0.100259	16193.6	1308.8	-0.0519989	415.391	0.0038545	-71176	14220	655	3.70377	-0.00213889	3.70377	186.431	5.96817	1.35403	190.506	136.898	1.43736	0.287473	21252.1	1	3301.24	0	0	1.43736	0.0460521	-2.47575	3000	0	139.144	687802
198	0.0101135	0.10063	16063.1	1263.15	-0.0495817	416.048	0.00389096	-66931	13378	472	3.70405	-0.00214677	3.70405	186.661	5.7569	1.35383	190.507	138.363	1.43751	0.287502	19195.2	1	3104.06	0	0	1.43751	0.0353188	-2.3266	3000	0	139.129	690326
200	0.0108371	0.100599	15942.7	1220.22	-0.0475383	416.552	0.0039246	-63005	12593	427	3.70432	-0.00214611	3.70432	186.873	5.55843	1.35364	190.507	139.719	1.43765	0.28753	17378.2	1	2921.67	0	0	1.43765	0.033942	-2.18845	3000	0	139.116	692763
202	0.0114441	0.100249	15830.6	1179.79	-0.0459405	417.016	0.00395589	-59374	11867	407	3.70456	-0.00213892	3.70456	187.071	5.37177	1.35346	190.508	140.982	1.43778	0.287556	15769.9	1	2753.05	0	0	1.43778	0.0342814	-2.06062	3000	0	139.103	695120
204	0.0118266	0.0996913	15725.4	1141.68	-0.0448299	417.448	0.00398528	-56018	11196	387	3.7048	-0.00212739	3.7048	187.256	5.196	1.3533	190.508	142.17	1.4379	0.287581	14343.5	1	2597.22	0	0	1.4379	0.0346208	-1.94235	3000	0	139.091	697401
206	0.0119448	0.0990471	15625.5	1105.72	-0.0442225	417.852	0.00401319	-52917	10576	369	3.70502	-0.00211407	3.70502	187.432	5.03025	1.35314	190.509	143.301	1.43802	0.287604	13075.9	1	2453.24	0	0	1.43802	0.0349603	-1.83296	3000	0	139.08	699611
208	0.0118116	0.0984261	15529.4	1071.74	-0.0441132	418.23	0.00404001	-50050	10003	353	3.70523	-0.00210124	3.70523	187.601	4.87374	1.35299	190.509	144.389	1.43813	0.287626	11946.8	1	2320.19	0	0	1.43813	0.0352997	-1.73176	3000	0	139.07	701752
210	0.0114739	0.0979098	15436	1039.6	-0.0444807	418.586	0.00406609	-47401	9474	337	3.70544	-0.00209061	3.70544	187.766	4.72577	1.35284	190.509	145.449	1.43823	0.287646	10939.1	1	2197.21	0	0	1.43823	0.0356391	-1.63811	3000	0	139.06	703829
212	0.010995	0.0975482	15344.2	1009.16	-0.0452947	418.92	0.00409174	-44951	8984	323	3.70564	-0.00208324	3.70564	187.928	4.58567	1.3527	190.51	146.493	1.43833	0.287666	10037.6	1	2083.49	0	0	1.43833	0.0359785	-1.55139	3000	0	139.05	705845
214	0.0104414	0.0973633	15253	980.298	-0.04652	419.236	0.00411721	-42691	8532	310	3.70584	-0.00207958	3.70584	188.088	4.45285	1.35256	190.51	147.531	1.43867	0.287735	9229.36	1	1978.27	0	0	1.43867	0.0363179	-1.47106	3000	0	139.017	707804
216	0.00987376	0.0973539	15161.6	952.889	-0.0481202	419.535	0.00414273	-40608	8116	297	3.70604	-0.00207962	3.70604	188.249	4.32672	1.35241	190.51	148.573	1.43943	0.287886	8502.87	1	1880.77	0	0	1.43943	0.0366574	-1.39699	3000	0	138.944	709708
218	0.00934221	0.0975026	15069.5	926.829	-0.0500638	419.818	0.00416847	-38675	7729	286	3.70624	-0.002083	3.70624	188.412	4.2068	1.35227	190.511	149.625	1.44015	0.28803	7848.43	1	1790.36	0	0	1.44015	0.0369968	-1.32824	3000	0	138.874	711559
220	0.00888415	0.0977822	14975.9	902.024	-0.0523245	420.087	0.00419459	-36880	7370	275	3.70644	-0.00208913	3.70645	188.576	4.09264	1.35212	190.511	150.694	1.44084	0.288168	7257.63	1	1706.44	0	0	1.44084	0.0373362	-1.26425	3000	0	138.808	713360
222	0.0085245	0.0981605	14880.6	878.39	-0.0548812	420.343	0.00422121	-35211	7037	265	3.70665	-0.00209735	3.70665	188.744	3.98385	1.35197	190.512	151.786	1.4415	0.288301	6723.21	1	1628.46	0	0	1.4415	0.0376756	-1.20458	3000	0	138.744	715115
224	0.0082768	0.0986038	14783.1	855.848	-0.0577183	420.588	0.00424844	-33659	6726	255	3.70686	-0.00210694	3.70686	188.916	3.88007	1.35182	190.512	152.905	1.4422	0.288439	6238.8	1	1555.92	0	0	1.4422	0.038015	-1.14894	3000	0	138.677	716823
226	0.00814493	0.0990806	14683	834.322	-0.0608244	420.821	0.00428104	-32247	6444	247	3.70708	-0.00211724	3.70708	189.093	3.78093	1.35167	190.512	154.223	1.44286	0.288572	5801.92	1	1490	0	0	1.44286	0.0383545	-1.09714	3000	0	138.614	718489
228	0.00812564	0.0995623	14580.1	813.684	-0.064178	421.045	0.00433062	-31040	6203	240	3.7073	-0.00212765	3.7073	189.279	3.68578	1.35152	190.513	156.162	1.44349	0.288699	5413	1	1433.6	0	0	1.44349	0.0386939	-1.05191	3000	0	138.553	720113
230	0.00821031	0.100025	14474.2	793.851	-0.0677708	421.261	0.00438167	-29906	5976	233	3.70753	-0.00213766	3.70753	189.47	3.59433	1.35136	190.513	158.163	1.4441	0.288821	5056.3	1	1380.65	0	0	1.4441	0.0390333	-1.01085	3000	0	138.494	721697
232	0.00838654	0.100449	14365	774.779	-0.071605	421.47	0.00443428	-28841	5763	227	3.70776	-0.00214687	3.70776	189.666	3.50637	1.35121	190.513	160.228	1.44469	0.288938	4728.69	1	1330.9	0	0	1.44469	0.0393727	-0.972076	3000	0	138.438	723243
234	0.0086395	0.100819	14252.4	756.426	-0.075685	421.671	0.00448856	-27838	5563	221	3.70801	-0.00215496	3.70801	189.869	3.42168	1.35104	190.514	162.363	1.44526	0.289051	4427.4	1	1284.12	0	0	1.44526	0.0397121	-0.935424	3000	0	138.384	724751
236	0.00895308	0.101126	14136.2	738.754	-0.0800172	421.865	0.00454457	-26894	5374	215	3.70826	-0.0021617	3.70826	190.079	3.34011	1.35087	190.514	164.571	1.4458	0.28916	4149.94	1	1240.11	0	0	1.4458	0.0400516	-0.900717	3000	0	138.332	726224
238	0.00931086	0.101362	14016.2	721.727	-0.0846082	422.053	0.00460242	-26004	5196	210	3.70852	-0.00216698	3.70852	190.295	3.26147	1.3507	190.515	166.856	1.44632	0.289265	3894.1	1	1198.66	0	0	1.44632	0.040391	-0.867848	3000	0	138.282	727662
240	0.009697	0.101524	13892.2	705.311	-0.089465	422.235	0.00466218	-25166	5029	204	3.70879	-0.00217071	3.70879	190.518	3.18563	1.35052	190.515	169.221	1.44683	0.289366	3657.91	1	1159.62	0	0	1.44683	0.0407304	-0.836664	3000	0	138.233	729067
242	0.0100967	0.101613	13764	689.477	-0.0945955	422.411	0.00472393	-24376	4871	200	3.70907	-0.00217292	3.70907	190.749	3.11244	1.35034	190.515	171.67	1.44732	0.289464	3439.58	1	1122.82	0	0	1.44732	0.0410698	-0.807076	3000	0	138.187	730440
244	0.0104966	0.101632	13631.6	674.194	-0.100007	422.583	0.00478775	-23630	4721	195	3.70936	-0.00217365	3.70936	190.988	3.04176	1.35014	190.516	174.208	1.44779	0.289558	3237.55	1	1088.1	0	0	1.44779	0.0414092	-0.778923	3000	0	138.142	731782
246	0.0108851	0.101585	13494.7	659.437	-0.105706	422.749	0.00485371	-22925	4581	191	3.70966	-0.002173	3.70966	191.234	2.97348	1.34994	190.516	176.836	1.44825	0.289649	3050.37	1	1055.33	0	0	1.44825	0.0417487	-0.752144	3000	0	138.098	733093
248	0.0112521	0.101477	13353.3	645.181	-0.111698	422.912	0.0049219	-22260	4448	187	3.70997	-0.0021711	3.70997	191.489	2.90748	1.34974	190.517	179.56	1.44869	0.289737	2876.78	1	1024.38	0	0	1.44869	0.0420881	-0.726614	3000	0	138.056	734375
250	0.0115897	0.101317	13207	631.402	-0.117988	423.07	0.00499237	-21631	4322	183	3.71029	-0.00216808	3.71029	191.753	2.84365	1.34953	190.517	182.382	1.44911	0.289822	2715.61	1	995.144	0	0	1.44911	0.0424275	-0.70227	3000	0	138.016	735629
252	0.0118912	0.10111	13055.9	618.08	-0.12458	423.224	0.0050652	-21036	4203	179	3.71062	-0.00216411	3.71062	192.025	2.7819	1.34931	190.518	185.306	1.44952	0.289905	2565.83	1	967.504	0	0	1.44952	0.0427669	-0.679022	3000	0	137.976	736856
254	0.0121521	0.100866	12899.8	605.194	-0.131479	423.374	0.00514045	-20473	4090	176	3.71096	-0.00215935	3.71096	192.306	2.72213	1.34908	190.518	188.335	1.44992	0.289985	2426.5	1	941.362	0	0	1.44992	0.0431063	-0.656789	3000	0	137.938	738056
256	0.012369	0.100592	12738.5	592.725	-0.138686	423.521	0.00521817	-19940	3984	173	3.71132	-0.00215398	3.71132	192.597	2.66426	1.34885	190.519	191.472	1.45031	0.290062	2296.76	1	916.624	0	0	1.45031	0.0434458	-0.635504	3000	0	137.902	739230
258	0.01254	0.100297	12572	580.657	-0.146201	423.664	0.00529842	-19436	3883	170	3.71168	-0.00214816	3.71168	192.897	2.60821	1.34861	190.519	194.72	1.45068	0.290137	2175.84	1	893.208	0	0	1.45068	0.0437852	-0.615105	3000	0	137.866	740379
260	0.0126645	0.0999869	12400.1	568.972	-0.154025	423.805	0.00538125	-18958	3788	167	3.71206	-0.00214205	3.71206	193.206	2.55391	1.34836	190.52	198.082	1.45105	0.290209	2063.06	1	871.029	0	0	1.45105	0.0441246	-0.595535	3000	0	137.832	741503
262	0.0127429	0.0996696	12222.8	557.657	-0.162157	423.943	0.00546671	-18505	3697	164	3.71245	-0.00213579	3.71245	193.526	2.50129	1.3481	190.52	201.561	1.4514	0.290279	1957.76	1	850.015	0	0	1.4514	0.044464	-0.576739	3000	0	137.798	742604
264	0.0127765	0.0993514	12040	546.688	-0.170594	424.078	0.00555483	-18099	3616	162	3.71285	-0.00212952	3.71285	193.855	2.45024	1.34784	190.521	205.159	1.45365	0.290731	1859.3	1	830.074	0	0	1.45365	0.0448034	-0.559062	3000	0	137.584	743682
266	0.0127671	0.0990383	11851.6	536.046	-0.179329	424.211	0.00564563	-17713	3539	159	3.71327	-0.00212337	3.71327	194.195	2.40069	1.34756	190.522	208.879	1.45589	0.291179	1767.09	1	811.117	0	0	1.45589	0.0451429	-0.542411	3000	0	137.373	744737
268	0.0127175	0.0987356	11657.5	525.72	-0.18836	424.342	0.00573915	-17345	3465	157	3.7137	-0.00211746	3.7137	194.544	2.35256	1.34728	190.522	212.722	1.45807	0.291613	1680.67	1	793.092	0	0	1.45807	0.0454823	-0.526306	3000	0	137.168	745769
270	0.0126309	0.098448	11457.8	515.699	-0.197683	424.471	0.00583541	-16995	3395	155	3.71413	-0.00211187	3.71414	194.904	2.30584	1.34699	190.523	216.69	1.46018	0.292036	1599.64	1	775.946	0	0	1.46018	0.0458217	-0.510715	3000	0	136.97	746781
272	0.0125107	0.0981794	11252.4	505.975	-0.207295	424.597	0.0059344	-16661	3328	153	3.71459	-0.00210669	3.71459	195.274	2.26046	1.34669	190.524	220.786	1.46223	0.292446	1523.61	1	759.633	0	0	1.46223	0.0461611	-0.495616	3000	0	136.777	747771
274	0.0123607	0.0979331	11041.2	496.539	-0.217191	424.722	0.00603616	-16343	3265	151	3.71505	-0.002102	3.71505	195.655	2.21639	1.34639	190.524	225.01	1.46422	0.292844	1452.23	1	744.107	0	0	1.46422	0.0465005	-0.480954	3000	0	136.591	748741
276	0.0121849	0.0977119	10824.4	487.382	-0.227365	424.846	0.00614067	-16039	3204	150	3.71553	-0.00209785	3.71553	196.046	2.1736	1.34607	190.525	229.364	1.46615	0.293231	1385.2	1	729.328	0	0	1.46615	0.04684	-0.46671	3000	0	136.411	749690
278	0.0119873	0.0975179	10601.8	478.497	-0.237811	424.969	0.00624794	-15750	3146	148	3.71602	-0.00209429	3.71602	196.447	2.13205	1.34575	190.526	233.849	1.46803	0.293606	1322.21	1	715.257	0	0	1.46803	0.0471794	-0.452881	3000	0	136.237	750620
280	0.0117721	0.0973526	10373.5	469.875	-0.248521	425.089	0.00635797	-15474	3091	147	3.71652	-0.00209135	3.71652	196.858	2.0917	1.34542	190.526	238.466	1.46985	0.293971	1263	1	701.861	0	0	1.46985	0.0475188	-0.439417	3000	0	136.068	751531
282	0.0115433	0.0972171	10139.5	461.511	-0.25949	425.209	0.00647074	-15211	3038	145	3.71703	-0.00208905	3.71703	197.279	2.05252	1.34508	190.527	243.216	1.47163	0.294325	1207.31	1	689.104	0	0	1.47163	0.0478582	-0.426333	3000	0	135.904	752423
284	0.0113049	0.0971118	9899.82	453.396	-0.270709	425.327	0.00658625	-14960	2988	144	3.71756	-0.0020874	3.71756	197.711	2.01448	1.34473	190.528	248.101	1.47334	0.294669	1154.91	1	676.957	0	0	1.47334	0.0481976	-0.413582	3000	0	135.746	753297
286	0.0110609	0.0970367	9654.52	445.525	-0.28217	425.445	0.00670447	-14725	2941	142	3.7181	-0.00208641	3.7181	198.153	1.97756	1.34438	190.529	253.12	1.47538	0.295076	1105.59	1	665.388	0	0	1.47538	0.0485371	-0.401208	3000	0	135.558	754153
288	0.0108148	0.0969913	9403.63	437.887	-0.293862	425.561	0.00682538	-14503	2897	141	3.71865	-0.00208607	3.71865	198.605	1.9417	1.34401	190.53	258.274	1.47759	0.295518	1059.12	1	654.361	0	0	1.47759	0.0488765	-0.389298	3000	0	135.356	754991
290	0.0105703	0.0969749	9147.21	430.476	-0.305777	425.677	0.00694896	-14290	2854	140	3.71921	-0.00208635	3.71921	199.067	1.90688	1.34364	190.53	263.563	1.47973	0.295946	1015.32	1	643.852	0	0	1.47973	0.0492159	-0.377682	3000	0	135.16	755812
292	0.0103305	0.0969865	8885.3	423.289	-0.317906	425.792	0.00707518	-14088	2814	139	3.71978	-0.00208724	3.71979	199.539	1.87309	1.34326	190.531	268.988	1.48181	0.296363	974.038	1	633.84	0	0	1.48181	0.0495553	-0.36633	3000	0	134.97	756616
294	0.0100984	0.0970246	8617.99	416.319	-0.330238	425.907	0.00720401	-13895	2775	138	3.72037	-0.00208871	3.72037	200.021	1.84029	1.34287	190.532	274.548	1.48383	0.296767	935.107	1	624.301	0	0	1.48383	0.0498947	-0.355257	3000	0	134.786	757404
296	0.00987687	0.0970874	8345.33	409.561	-0.342764	426.02	0.00733542	-13711	2738	137	3.72097	-0.00209071	3.72097	200.512	1.80846	1.34248	190.533	280.244	1.48579	0.297159	898.39	1	615.219	0	0	1.48579	0.0502342	-0.344423	3000	0	134.608	758176
298	0.00966827	0.097173	8067.41	403.011	-0.355474	426.134	0.00746936	-13535	2703	136	3.72158	-0.00209322	3.72158	201.013	1.77758	1.34208	190.534	286.075	1.48769	0.297539	863.752	1	606.576	0	0	1.48769	0.0505736	-0.333849	3000	0	134.436	758931
300	0.00947475	0.0972794	7784.31	396.664	-0.368358	426.247	0.00760579	-13369	2670	136	3.7222	-0.00209618	3.7222	201.523	1.74763	1.34167	190.535	292.041	1.48954	0.297908	831.065	1	598.353	0	0	1.48954	0.050913	-0.323529	3000	0	134.27	759671
302	0.00929821	0.0974042	7496.11	390.514	-0.381404	426.36	0.00774469	-13210	2638	135	3.72283	-0.00209954	3.72283	202.042	1.71859	1.34125	190.536	298.142	1.49133	0.298265	800.217	1	590.534	0	0	1.49133	0.0512524	-0.313434	3000	0	134.109	760396
304	0.00914021	0.097545	7202.91	384.541	-0.394593	426.473	0.00796893	-13196	2635	136	3.72348	-0.00210326	3.72348	202.859	1.68933	1.34065	190.536	308.016	1.49313	0.298626	775.042	1	589.231	0	0	1.49313	0.0515918	-0.304417	3000	0	133.947	761106
306	0.00900226	0.0976995	6904.89	378.598	-0.407844	426.588	0.00827724	-13302	2656	138	3.72413	-0.00210729	3.72413	203.97	1.6591	1.33987	190.536	321.684	1.49499	0.298998	753.829	1	593.211	0	0	1.49499	0.0519313	-0.302935	3000	0	133.78	761801
308	0.00888577	0.0978654	6602.35	372.679	-0.421147	426.706	0.00859025	-13393	2675	139	3.7248	-0.00211157	3.7248	205.097	1.62915	1.33909	190.536	335.693	1.49683	0.299367	732.491	1	596.543	0	0	1.49683	0.0522707	-0.301686	3000	0	133.615	762482
310	0.00879177	0.0980399	6295.57	366.794	-0.434503	426.824	0.00890765	-13470	2690	141	3.72547	-0.00211605	3.72547	206.24	1.59945	1.33829	190.536	350.037	1.49866	0.299733	711.123	1	599.204	0	0	1.49866	0.0526101	-0.299925	3000	0	133.452	763147
312	0.00872099	0.0982203	5984.81	360.954	-0.447914	426.945	0.00922915	-13531	2702	143	3.72615	-0.00212067	3.72615	207.398	1.57006	1.33748	190.536	364.707	1.50047	0.300095	689.815	1	601.22	0	0	1.50047	0.0529495	-0.297658	3000	0	133.291	763798
314	0.00867386	0.0984038	5670.35	355.168	-0.461379	427.068	0.00955449	-13579	2712	144	3.72684	-0.00212537	3.72684	208.57	1.54102	1.33666	190.536	379.697	1.50226	0.300452	668.652	1	602.618	0	0	1.50226	0.0532889	-0.294924	3000	0	133.133	764434
316	0.00865038	0.0985874	5352.44	349.444	-0.474898	427.193	0.00988341	-13613	2718	145	3.72754	-0.00213008	3.72754	209.754	1.51236	1.33583	190.536	394.999	1.50403	0.300805	647.714	1	603.433	0	0	1.50403	0.0536284	-0.291713	3000	0	132.976	765055
318	0.00865018	0.0987682	5031.3	343.803	-0.488477	427.319	0.0102157	-13566	2709	146	3.72825	-0.00213474	3.72825	210.951	1.48416	1.335	190.536	410.607	1.49809	0.299618	627.132	1	603.722	0	0	1.49809	0.0539678	-0.287516	3000	0	133.503	765662
320	0.00867246	0.0989435	4707.12	338.314	-0.502151	427.446	0.0105511	-13463	2688	146	3.72896	-0.00213929	3.72896	212.159	1.45678	1.33415	190.536	426.517	1.48651	0.297303	607.302	1	603.813	0	0	1.48651	0.0543072	-0.279761	3000	0	134.543	766256
322	0.00871594	0.0991106	4380	332.985	-0.515917	427.574	0.0108895	-13359	2667	145	3.72968	-0.00214368	3.72968	213.378	1.43019	1.3333	190.536	442.726	1.47527	0.295054	588.265	1	603.702	0	0	1.47527	0.0546466	-0.271632	3000	0	135.569	766835
324	0.00877898	0.0992671	4050.06	327.816	-0.529769	427.702	0.0112309	-13254	2646	145	3.73041	-0.00214786	3.73041	214.608	1.4044	1.33244	190.536	459.235	1.46436	0.292873	570.021	1	603.445	0	0	1.46436	0.054986	-0.263472	3000	0	136.578	767401
326	0.0088584	0.0994088	3722.14	311.284	-0.544063	427.828	0.0115675	-32841	2364	130	3.73112	-0.00215168	3.73113	215.82	1.32072	1.33159	190.536	475.676	1.42898	0.285796	495.323	1	552.432	0	21000.6	1.42898	0.0553254	-0.842563	2959.86	1	138.087	767933
328	0.00894799	0.0995314	3405.49	293.043	-0.559568	427.943	0.0118979	-31723	2139	119	3.73183	-0.00215514	3.73183	217.01	1.24902	1.33077	190.536	491.957	1.39866	0.279732	419.108	1	510.666	0	21010.2	1.39866	0.0556649	-0.929727	2906.33	1	138.529	768430
330	0.00904353	0.0996358	3099.89	275.367	-0.576364	428.048	0.0122141	-30520	1893	106	3.7325	-0.00215814	3.7325	218.149	1.17094	1.32997	190.536	507.681	1.36564	0.273128	352.341	1	462.881	0	21039	1.36564	0.0560043	-0.900911	2852.73	1	139.262	768892
332	0.00914153	0.0997233	2805.21	258.199	-0.594535	428.144	0.0125189	-29431	1666	93	3.73315	-0.00216076	3.73315	219.247	1.09546	1.3292	190.536	522.972	1.33373	0.266746	294.063	1	417.096	0	21087	1.33373	0.0563437	-0.875066	2799.03	1	139.91	769320
334	0.0092392	0.0997957	2521.43	241.478	-0.614178	428.231	0.0128125	-28450	1456	82	3.73378	-0.00216303	3.73378	220.304	1.02232	1.32847	190.536	537.818	1.3028	0.260559	243.36	1	373.359	0	21154.2	1.3028	0.0566831	-0.852196	2745.16	1	140.475	769714
336	0.00933434	0.0998547	2248.64	225.146	-0.635398	428.309	0.0130948	-27581	1266	72	3.73438	-0.00216499	3.73438	221.321	0.9512	1.32776	190.536	552.201	1.27449	0.254898	199.405	1	331.687	0	21240.6	1.27449	0.0570225	-0.832448	2691.09	1	140.767	770077
338	0.00942528	0.0999021	1987.06	209.136	-0.658316	428.38	0.0133654	-26812	1091	62	3.73496	-0.00216667	3.73496	222.295	0.881808	1.32708	190.536	566.096	1.24765	0.249531	161.463	1	292.081	0	21346.2	1.24765	0.057362	-0.815999	2636.76	1	140.892	770407
340	0.00951074	0.0999397	1737.03	193.39	-0.683084	428.443	0.0136241	-26134	931	53	3.73551	-0.00216811	3.73551	223.227	0.813869	1.32642	190.536	579.471	1.22138	0.244276	128.9	1	254.562	0	21471	1.22138	0.0577014	-0.802542	2582.13	1	140.941	770707
342	0.00958983	0.099969	1499.02	177.849	-0.709882	428.498	0.0138703	-25545	784	45	3.73603	-0.00216935	3.73604	224.114	0.747107	1.32581	190.536	592.289	1.19556	0.239112	101.156	1	219.154	0	21615	1.19556	0.0580408	-0.79212	2527.14	1	140.918	770977
344	0.00966189	0.0999916	1273.65	162.45	-0.738935	428.547	0.0141035	-25040	651	38	3.73653	-0.00217041	3.73653	224.954	0.681245	1.32522	190.536	604.502	1.17009	0.234018	77.736	1	185.893	0	21778.2	1.17009	0.0583802	-0.78482	2471.75	1	140.829	771217
346	0.00972651	0.100009	1061.71	147.131	-0.770522	428.589	0.0143228	-24619	530	31	3.737	-0.00217132	3.737	225.744	0.615988	1.32467	190.536	616.056	1.14485	0.228971	58.2001	1	154.825	0	21960.6	1.14485	0.0587196	-0.780799	2415.9	1	140.682	771429
348	0.00978346	0.100021	864.138	131.823	-0.805006	428.625	0.0145272	-24278	422	24	3.73744	-0.00217209	3.73744	226.48	0.551039	1.32415	190.536	626.886	1.11974	0.223948	42.1563	1	126.026	0	22162.2	1.11974	0.0590591	-0.78022	2359.55	1	140.483	771611
350	0.00983262	0.100031	682.09	116.454	-0.842874	428.656	0.0147155	-24022	327	19	3.73784	-0.00217276	3.73784	227.158	0.486074	1.32368	190.536	636.916	1.09721	0.219443	29.2516	1	99.5956	0	22383	1.09721	0.0593985	-0.783333	2302.66	1	139.909	771766
352	0.00987399	0.100037	516.941	100.939	-0.884793	428.681	0.0148864	-23853	245	14	3.73821	-0.00217332	3.73821	227.774	0.420714	1.32325	190.536	646.058	1.08414	0.216829	19.1585	1	75.6582	0	22623	1.08414	0.0597379	-0.790811	2245.16	1	138.061	771894
354	0.00990766	0.100042	370.331	85.1936	-0.931755	428.7	0.0150381	-23756	174	10	3.73853	-0.0021738	3.73853	228.32	0.3546	1.32287	190.536	654.206	1.07092	0.214184	11.5775	1	54.41	0	22882.2	1.07092	0.0600773	-0.802495	2187.01	1	136.145	771996
356	0.00993382	0.100045	244.181	69.1342	-0.985347	428.714	0.0151686	-23733	114	6	3.73881	-0.00217419	3.73881	228.79	0.287359	1.32254	190.536	661.243	1.05747	0.211494	6.21367	1	36.1069	0	23160.6	1.05747	0.0604167	-0.81852	2128.17	1	134.167	772072
358	0.00995278	0.100047	140.746	52.6651	-1.04831	428.724	0.0152757	-23788	65	4	3.73904	-0.0021745	3.73904	229.176	0.218565	1.32227	190.536	667.031	1.04371	0.208743	2.75654	1	21.0667	0	23458.2	1.04371	0.0607562	-0.839405	2068.58	1	132.13	772125
360	0.009965	0.100048	62.6843	35.6811	-1.1262	428.729	0.0153565	-23924	29	1	3.73921	-0.00217472	3.73921	229.467	0.147757	1.32207	190.536	671.41	1.02955	0.20591	0.859519	1	9.68965	0	23775	1.02955	0.0610956	-0.865648	2008.2	1	130.037	772155
362	0.00997118	0.100049	13.1573	18.0672	-1.23437	428.732	0.0154077	-24148	7	0	3.73932	-0.00217486	3.73932	229.651	0.0744361	1.32194	190.536	674.194	1.01489	0.202977	0.111773	1	2.46907	0	24111	1.01489	0.061435	-0.897751	1946.97	1	127.894	772167
364	0.00997263	0.100049	-3.99134	-0.287905	-0.965274	428.723	0.015421	-24466	0	0	3.73936	-0.00217491	3.73936	229.699	-0.00181195	1.3219	190.536	674.915	1	0.2	-4.5248e-07	1	0.00146458	0	24466.2	1	0.0617744	-0.93553	1884.85	1	125.657	772167
366	0.00996637	0.100048	4.55034	-24.3411	1.91657	428.716	0.0154085	-24902	12	0	3.73932	-0.00217485	3.73932	229.654	-0.0959759	1.32192	190.536	674.237	1	0.2	-0.273335	1	4.10504	0	24840.6	1	0.0621138	-1.22595	1821.79	1	121.453	772184
368	0.00997383	0.100049	-75.5033	-59.8876	1.85682	428.708	0.015421	-25651	83	5	3.73951	-0.0021751	3.73952	229.699	-0.249829	1.3219	190.536	674.915	1	0.2	-4.07252	1	27.8423	0	25234.2	1	0.0624533	-1.81175	1757.73	1	117.182	772217
370	0.00998613	0.100051	-227.034	-97.6659	1.82902	428.663	0.015421	-26755	221	13	3.73985	-0.00217552	3.73985	229.699	-0.40706	1.3219	190.536	674.915	1	0.2	-17.6637	1	73.9155	0	25647	1	0.0627927	-1.9255	1692.64	1	112.843	772267
372	0.0100028	0.100055	-455.362	-138.306	1.81026	428.52	0.015421	-28300	443	28	3.74036	-0.0021762	3.74036	229.699	-0.57615	1.3219	190.536	674.915	1	0.2	-50.1622	1	148.078	0	26079	1	0.0631321	-2.07137	1626.46	1	108.431	772333
374	0.0100221	0.100064	-767.21	-182.68	1.79508	428.142	0.015421	-30403	773	49	3.74105	-0.00217721	3.74105	229.699	-0.76079	1.3219	190.536	674.915	1	0.2	-115.592	1	258.195	0	26530.2	1	0.0634715	-2.26168	1559.14	1	103.943	772414
376	0.0100325	0.100087	-1171.35	-231.989	1.78108	427.015	0.015421	-33244	1246	79	3.74194	-0.00217877	3.74194	229.699	-0.965988	1.3219	190.536	674.915	1	0.2	-236.73	1	416.258	0	27000.6	1	0.0638109	-2.51317	1490.63	1	99.3756	772511
378	0.0100176	0.100089	-1679.48	-287.927	1.76687	426.274	0.015421	-37106	1919	123	3.74307	-0.00217938	3.74307	229.699	-1.19881	1.3219	190.536	674.915	1	0.2	-452.586	1	641.088	0	27490.2	1	0.0641504	-2.85111	1420.89	1	94.7261	772623
380	0.0100316	0.100092	-2307.47	-353.005	1.75189	432.943	0.015421	-42453	2884	186	3.74446	-0.00218169	3.74446	229.699	-1.46974	1.3219	190.536	674.915	1	0.2	-834.052	1	963.608	0	27999	1	0.0644898	-3.31688	1349.87	1	89.9911	772750
382	0.0100549	0.10011	-3077.58	-431.106	1.73495	435.734	0.015421	-50086	4302	279	3.74617	-0.00218436	3.74617	229.699	-1.79499	1.3219	190.536	674.915	1	0.2	-1519.16	1	1437.29	0	28527	1	0.0648292	-3.98068	1277.51	1	85.1671	772891
384	0.0100455	0.100077	-4022.26	-528.627	1.7146	438.12	0.015421	-61497	6470	422	3.74827	-0.00218567	3.74827	229.699	-2.20127	1.3219	190.536	674.915	1	0.2	-2800.92	1	2161.55	0	29074.2	1	0.0651686	-4.97051	1203.76	1	80.251	773043
386	0.0100278	0.100108	-5191.53	-657.002	1.68929	440.523	0.015421	-79744	9999	655	3.75087	-0.00218975	3.75087	229.699	-2.73641	1.3219	190.536	674.915	1	0.2	-5377.14	1	3340.27	0	29640.6	1	0.065508	-6.54305	1128.59	1	75.2395	773198
388	0.010059	0.100095	-6668.14	-838.936	1.65674	443.174	0.015421	-111980	16315	1075	3.75416	-0.00219298	3.75416	229.699	-3.49542	1.3219	190.536	674.915	1	0.2	-11195.4	1	5450.26	0	30226.2	1	0.0658475	-9.27289	1051.94	1	70.1293	773342
390	0.010034	0.100096	-8605.23	-1127.24	1.61134	446.35	0.015421	-178595	29488	1954	3.75849	-0.00219832	3.75849	229.699	-4.69926	1.3219	190.536	674.915	1	0.2	-27158.2	1	9850.94	0	30831	1	0.0661869	-14.6944	973.757	1	64.9172	773433
392	0.0100445	0.100098	-11340	-1680.11	1.54288	450.564	0.015421	-359838	65531	4366	3.76462	-0.00220524	3.76462	229.699	-7.00544	1.3219	190.536	674.915	1	0.2	-89921.9	1	21892.2	0	31455	1	0.0665263	-28.1789	893.997	1	59.5998	773340
394	0.0100381	0.100048	-15901.2	-3282.14	1.41698	457.425	0.015421	-1255969	244227	16354	3.7749	-0.00221676	3.7749	229.699	-13.5242	1.3219	190.536	674.915	1	0.2	-670382	1	81591.4	0	32098.2	1	0.0668657	-81.6528	812.61	1	54.174	772334
396	0.00964732	0.0990924	-29623.2	-28683.2	0.95223	480.068	0.015421	-38227892	7621781	512995	3.80467	-0.00222493	3.80467	229.699	-75.5525	1.3219	190.536	674.915	1	0.2	-4.47439e+08	1	2.54634e+06	0	32760.6	1	0.0672051	-1294.65	729.548	1	48.6365	739069
398	0.30509	0.707982	-1.86013e+06	-5.41591e+06	-2.84502	98.6136	0.015421	-2147483648	-2147483648	-2147483648	5.17532	0.00257719	5.17532	229.699	-26927.9	1.3219	190.536	674.915	1	0.2	-3.01208e+15	1	3.23462e+11	0	33442.2	1	0.0675446	-274578	644.76	1	42.984	1.1098e+07
400	-2.42523	-0.278155	-1.32652e+07	-1.26948e+07	-2.57618	-410.993	0.015421	-2147483648	-2147483648	-2147483648	1.51471	0.000616687	1.51471	229.699	-53305.9	1.3219	190.536	674.915	1	0.2	-3.87907e+16	1	1.26756e+12	0	34143	1	0.067884	-370993	558.199	1	37.2133	3.25361e+07
402	1.26324	2.16837	4.87853e+06	-2.11783e+07	-5.80806	-669.403	-6320.05	-2147483648	-2147483648	-2147483648	0.080056	4.95226e-06	0.080056	15829.4	-77.8152	32.2346	36708.4	-3.6724e+12	1	0.2	-nan	1	-1.4504e+18	0	0	1	0.0682234	-432393	492.027	0	32.8018	-5.12895e+06
404	-1.03998	5.02352	1.58686e+07	-2.88003e+07	-7.71665	-813.729	-8091.8	-2147483648	-2147483648	-2147483648	0.0523863	5.80799e-07	0.0523863	20210.7	-76.3457	104.851	46868.9	-7.665e+12	1	0.2	-nan	1	-3.72056e+18	0	0	1	0.0685628	-388480	469.581	0	31.3054	-1.30146e+07
406	-0.660466	5.17707	7.8169e+07	-3.64224e+07	-7.66625	-925.567	-25489.9	-2147483648	-2147483648	-2147483648	0.0063312	3.01834e-08	0.0063312	63234.6	-17.2625	516.496	146642	-2.36363e+14	1	0.2	-nan	1	-1.83521e+19	0	0	1	0.0689022	-388486	469.581	0	31.3054	-2.66096e+07
408	-0.713776	5.19934	1.55337e+08	-4.40454e+07	-7.60888	-1015.46	-50805.3	-2147483648	-2147483648	-2147483648	0.00166636	1.89323e-09	0.00166636	125837	-7.38439	1026.38	291818	-1.86565e+15	1	0.2	-nan	1	-5.2749e+19	0	0	1	0.0692417	-388529	469.581	0	31.3054	-4.79848e+07
410	-0.736605	5.27533	2.46361e+08	-5.16702e+07	-7.5654	-1090.84	-80305	-2147483648	-2147483648	-2147483648	0.000678229	3.33319e-10	0.000678229	198787	-4.34133	1627.81	460990	-7.35906e+15	1	0.2	-nan	1	-1.13606e+20	0	0	1	0.0695811	-388623	469.581	0	31.3054	-7.73945e+07
412	-0.749652	5.29824	3.51002e+08	-5.92983e+07	-7.53268	-1155.75	-114206	-2147483648	-2147483648	-2147483648	0.00033824	7.93088e-11	0.00033824	282622	-2.92802	2319.22	655402	-2.11545e+16	1	0.2	-nan	1	-2.11204e+20	0	0	1	0.0699205	-388793	469.581	0	31.3054	-1.14847e+08
414	-0.865504	5.28175	4.69136e+08	-6.69318e+07	-7.50759	-1212.65	-152485	-2147483648	-2147483648	-2147483648	0.000190714	2.70586e-11	0.000190714	377281	-2.1365	3099.78	874918	-5.03337e+16	1	0.2	-nan	1	-3.5717e+20	0	0	1	0.0702599	-389067	469.581	0	31.3054	-1.60294e+08
416	-0.842432	5.22858	6.00707e+08	-7.45733e+07	-7.48817	-1263.47	-195121	-2147483648	-2147483648	-2147483648	0.000116865	8.92687e-12	0.000116865	482718	-1.6409	3969.13	1.11943e+06	-1.05437e+17	1	0.2	-nan	1	-5.6467e+20	0	0	1	0.0705993	-389479	469.581	0	31.3054	-2.13645e+08
418	-0.880543	5.2151	7.45702e+08	-8.22265e+07	-7.47279	-1309.25	-242114	-2147483648	-2147483648	-2147483648	7.60798e-05	4.09382e-12	7.60798e-05	598926	-1.30656	4927.17	1.38891e+06	-2.01404e+17	1	0.2	-nan	1	-8.48487e+20	0	0	1	0.0709388	-390068	469.581	0	31.3054	-2.74826e+08
420	-0.816452	5.26738	9.04138e+08	-8.98955e+07	-7.4606	-1351.01	-293464	-2147483648	-2147483648	-2147483648	5.18726e-05	1.94694e-12	5.18726e-05	725909	-1.0687	5974.03	1.68339e+06	-3.58609e+17	1	0.2	-nan	1	-1.22506e+21	0	0	1	0.0712782	-390876	469.581	0	31.3054	-3.43743e+08
422	-0.830871	5.22284	1.07606e+09	-9.75856e+07	-7.45071	-1389.26	-349185	-2147483648	-2147483648	-2147483648	3.66852e-05	9.18355e-13	3.66852e-05	863703	-0.892552	7109.98	2.00293e+06	-6.04068e+17	1	0.2	-nan	1	-1.71263e+21	0	0	1	0.0716176	-391952	469.581	0	31.3054	-4.20333e+08
424	-0.840079	5.21435	1.26153e+09	-1.05303e+08	-7.4427	-1424.6	-409296	-2147483648	-2147483648	-2147483648	2.67273e-05	5.08881e-13	2.67273e-05	1.01235e+06	-0.75798	8335.44	2.34766e+06	-9.72756e+17	1	0.2	-nan	1	-2.33129e+21	0	0	1	0.071957	-393350	469.581	0	31.3054	-5.04531e+08
426	-0.921777	5.18772	1.46062e+09	-1.13056e+08	-7.43612	-1457.35	-473821	-2147483648	-2147483648	-2147483648	1.99592e-05	2.40626e-13	1.99592e-05	1.17192e+06	-0.652574	9650.94	2.71768e+06	-1.50907e+18	1	0.2	-nan	1	-3.10321e+21	0	0	1	0.0722964	-395128	469.581	0	31.3054	-5.96288e+08
428	-0.986246	5.14142	1.67344e+09	-1.20852e+08	-7.43081	-1487.91	-542795	-2147483648	-2147483648	-2147483648	1.52185e-05	1.3465e-13	1.52185e-05	1.34248e+06	-0.568297	11057.2	3.11323e+06	-2.26859e+18	1	0.2	-nan	1	-4.05286e+21	0	0	1	0.0726359	-397352	469.581	0	31.3054	-6.95544e+08
430	-1.05951	5.14795	1.90013e+09	-1.28701e+08	-7.42654	-1516.53	-616258	-2147483648	-2147483648	-2147483648	1.18126e-05	8.91716e-14	1.18126e-05	1.52415e+06	-0.499753	12555	3.53452e+06	-3.31987e+18	1	0.2	-nan	1	-5.20721e+21	0	0	1	0.0729753	-400095	469.581	0	31.3054	-8.02249e+08
432	-1.01123	5.15546	2.14084e+09	-1.36617e+08	-7.42324	-1543.55	-694263	-2147483648	-2147483648	-2147483648	9.31126e-06	4.69669e-14	9.31126e-06	1.71705e+06	-0.443187	14145.5	3.98185e+06	-4.74671e+18	1	0.2	-nan	1	-6.5962e+21	0	0	1	0.0733147	-403438	469.581	0	31.3054	-9.16335e+08
434	-1.02934	5.1669	2.39577e+09	-1.44611e+08	-7.42064	-1568.96	-776865	-2147483648	-2147483648	-2147483648	7.43912e-06	3.17631e-14	7.43912e-06	1.92132e+06	-0.395923	15829.9	4.45555e+06	-6.65038e+18	1	0.2	-nan	1	-8.253e+21	0	0	1	0.0736541	-407470	469.581	0	31.3054	-1.03778e+09
436	-1.04975	5.16085	2.66512e+09	-1.52701e+08	-7.4187	-1592.97	-864138	-2147483648	-2147483648	-2147483648	6.01424e-06	2.0642e-14	6.01424e-06	2.13713e+06	-0.356	17609.6	4.95603e+06	-9.15269e+18	1	0.2	-nan	1	-1.02147e+22	0	0	1	0.0739935	-412290	469.581	0	31.3054	-1.16656e+09
438	-1.10539	5.17903	2.94915e+09	-1.60902e+08	-7.41734	-1615.69	-956162	-2147483648	-2147483648	-2147483648	4.91357e-06	1.48993e-14	4.91357e-06	2.3647e+06	-0.321959	19486.3	5.48376e+06	-1.2399e+19	1	0.2	-nan	1	-1.25231e+22	0	0	1	0.074333	-418014	469.581	0	31.3054	-1.30265e+09
440	-1.01657	5.16683	3.24818e+09	-1.69236e+08	-7.41672	-1637.38	-1.05303e+06	-2147483648	-2147483648	-2147483648	4.05207e-06	1.03668e-14	4.05207e-06	2.60425e+06	-0.292691	21462.1	6.03927e+06	-1.65618e+19	1	0.2	-nan	1	-1.52249e+22	0	0	1	0.0746724	-424766	469.581	0	31.3054	-1.44598e+09
442	-1.05833	5.20451	3.56254e+09	-1.77725e+08	-7.41647	-1657.89	-1.15486e+06	-2147483648	-2147483648	-2147483648	3.36966e-06	7.44101e-15	3.36966e-06	2.85606e+06	-0.267338	23539.2	6.62324e+06	-2.18458e+19	1	0.2	-nan	1	-1.8374e+22	0	0	1	0.0750118	-432692	469.581	0	31.3054	-1.59658e+09
444	-1.13237	5.19912	3.89263e+09	-1.86397e+08	-7.41669	-1677.39	-1.26177e+06	-2147483648	-2147483648	-2147483648	2.82331e-06	5.22924e-15	2.82331e-06	3.12045e+06	-0.245233	25720.3	7.23635e+06	-2.84916e+19	1	0.2	-nan	1	-2.20312e+22	0	0	1	0.0753512	-441958	469.581	0	31.3054	-1.75445e+09
446	-1.17817	5.18663	4.23892e+09	-1.9528e+08	-7.41747	-1695.98	-1.37392e+06	-2147483648	-2147483648	-2147483648	2.38158e-06	3.67784e-15	2.38158e-06	3.39777e+06	-0.225846	28008.4	7.87947e+06	-3.67834e+19	1	0.2	-nan	1	-2.62673e+22	0	0	1	0.0756906	-452754	469.581	0	31.3054	-1.91957e+09
448	-1.21134	5.18332	4.60195e+09	-2.04409e+08	-7.41877	-1713.73	-1.49147e+06	-2147483648	-2147483648	-2147483648	2.02123e-06	2.70611e-15	2.02123e-06	3.68847e+06	-0.208751	30407	8.55359e+06	-4.70553e+19	1	0.2	-nan	1	-3.11642e+22	0	0	1	0.0760301	-465302	469.581	0	31.3054	-2.09193e+09
450	-1.22913	5.18901	4.98185e+09	-2.13555e+08	-7.42051	-1730.7	-1.61462e+06	-2147483648	-2147483648	-2147483648	1.72487e-06	1.96372e-15	1.72487e-06	3.99301e+06	-0.193607	32917.2	9.25981e+06	-5.96997e+19	1	0.2	-nan	1	-3.6818e+22	0	0	1	0.0763695	-466177	469.581	0	31.3054	-2.27133e+09
452	-1.21738	5.19769	5.37873e+09	-2.22702e+08	-7.42265	-1746.98	-1.74329e+06	-2147483648	-2147483648	-2147483648	1.47981e-06	1.33048e-15	1.47981e-06	4.31119e+06	-0.179965	35539.6	9.99768e+06	-7.51389e+19	1	0.2	-nan	1	-4.323e+22	0	0	1	0.0767089	-466177	469.581	0	31.3054	-2.45754e+09
454	-1.21745	5.18692	5.79268e+09	-2.31848e+08	-7.42507	-1762.59	-1.87748e+06	-2147483648	-2147483648	-2147483648	1.27595e-06	1.10223e-15	1.27595e-06	4.64304e+06	-0.167633	38274.8	1.07673e+07	-9.38605e+19	1	0.2	-nan	1	-5.04606e+22	0	0	1	0.0770483	-466176	469.581	0	31.3054	-2.65038e+09
456	-1.2144	5.19652	6.22379e+09	-2.40994e+08	-7.42776	-1777.58	-2.01724e+06	-2147483648	-2147483648	-2147483648	1.10537e-06	7.43431e-16	1.10537e-06	4.98865e+06	-0.156456	41123.2	1.15687e+07	-1.16419e+20	1	0.2	-nan	1	-5.85789e+22	0	0	1	0.0773877	-466177	469.581	0	31.3054	-2.84965e+09
458	-1.22588	5.19037	6.67214e+09	-2.50141e+08	-7.43067	-1791.99	-2.16258e+06	-2147483648	-2147483648	-2147483648	9.61861e-07	6.07528e-16	9.61861e-07	5.34807e+06	-0.146302	44085.7	1.24022e+07	-1.4344e+20	1	0.2	-nan	1	-6.76568e+22	0	0	1	0.0777272	-466177	469.581	0	31.3054	-3.05516e+09
460	-1.21167	5.18945	7.13784e+09	-2.59287e+08	-7.43386	-1805.89	-2.31355e+06	-2147483648	-2147483648	-2147483648	8.40484e-07	4.71787e-16	8.40484e-07	5.72141e+06	-0.137053	47162.8	1.3268e+07	-1.75626e+20	1	0.2	-nan	1	-7.77699e+22	0	0	1	0.0780666	-466177	469.581	0	31.3054	-3.26667e+09
